-0.095560
-0.034469
0.113036
0.082047
0.022977
0.095213
0.146259
0.190533
0.040843
0.042876
-0.060281
-0.114425
-0.106565
-0.078591
-0.070385
-0.052241
-0.118555
-0.091499
-0.082827
-0.082292
0.014577
0.054802
0.113533
0.172597
0.182913
0.137636
-0.055844
-0.152711
-0.129105
-0.129657
-0.149369
-0.064488
0.018457
0.035341
-0.014368
-0.104963
-0.077348
-0.012945
0.138251
0.259021
0.304320
0.140272
0.034721
-0.101061
-0.063211
-0.016874
-0.060709
-0.109237
-0.194882
-0.231475
-0.170006
-0.058237
0.221608
0.211859
0.228332
-0.016017
-0.039940
-0.039460
0.060277
0.160212
0.069243
-0.003990
-0.186768
-0.229676
-0.104773
-0.049919
0.042470
-0.043554
-0.002978
0.109007
0.045038
0.024476
-0.061578
-0.027527
-0.001294
0.111338
0.115833
0.047690
-0.059187
-0.186724
-0.121912
0.001786
0.081979
0.082115
-0.063912
-0.143536
-0.088315
0.017710
-0.002302
0.142523
0.168166
0.099846
-0.012366
-0.060773
0.073551
0.189904
0.057894
-0.095797
-0.239540
-0.303287
-0.284928
-0.124181
0.080572
0.133965
0.196332
0.165430
0.175720
0.098189
0.016886
0.006809
-0.004275
-0.047871
-0.201046
-0.278309
-0.182322
-0.139718
-0.035445
0.059592
0.129922
0.184688
0.148725
0.155814
0.137489
0.064271
-0.032744
-0.089673
-0.047843
-0.084289
-0.003514
-0.029636
-0.160074
-0.113729
-0.023667
0.081391
0.083842
0.022273
0.098040
0.102657
0.177375
0.043947
-0.023101
-0.114379
-0.221149
-0.153177
-0.119139
-0.005892
0.048754
0.094667
0.090289
0.003032
-0.095631
-0.154361
-0.046163
0.065797
0.135008
0.076590
-0.146825
-0.205677
-0.118780
0.031599
0.069513
0.008232
-0.064471
-0.024541
-0.060637
0.033461
0.202538
0.200709
0.164657
0.116671
0.074529
0.127844
-0.061502
-0.153250
-0.115388
-0.087039
-0.048597
-0.120655
-0.049460
-0.048426
0.018082
0.015680
0.069486
0.169149
0.248211
0.268933
0.092592
-0.138979
-0.202040
-0.281751
-0.318147
-0.186464
-0.076539
-0.082542
-0.190278
-0.096237
0.207156
0.341666
0.338440
0.141993
0.080872
-0.119161
-0.242713
-0.182996
-0.036541
-0.002426
-0.108546
-0.174851
-0.081961
0.002006
0.126007
0.165615
0.223393
0.153686
0.200587
0.174165
0.076517
-0.010344
-0.176472
-0.368448
-0.329990
-0.227066
0.076128
0.280952
0.206242
0.173147
0.140867
0.105629
0.041225
-0.077541
-0.177236
-0.295045
-0.333075
-0.257863
-0.102331
0.036336
0.192757
0.334508
0.253683
0.221015
0.139326
0.071044
-0.127318
-0.276374
-0.270251
-0.280399
-0.184627
-0.098269
0.010193
0.119102
0.279020
0.395569
0.278578
0.111489
0.052036
-0.088878
-0.088341
-0.197547
-0.079292
-0.101024
-0.322433
-0.357811
-0.232378
0.063634
0.247686
0.301911
0.145136
0.002395
-0.042930
0.075215
0.099636
-0.010999
-0.021381
-0.013549
-0.104973
-0.232698
-0.221967
-0.066168
0.065034
0.250313
0.239709
0.211025
0.115384
-0.036213
-0.137234
-0.065303
-0.006325
0.078750
0.079431
-0.133230
-0.235590
-0.199725
-0.001570
0.255293
0.283498
0.231629
-0.019152
-0.096287
-0.167282
-0.114581
-0.041975
0.062663
-0.117096
-0.278147
-0.378145
-0.233667
-0.019589
0.184918
0.246122
0.262834
0.119532
0.115273
0.054214
0.083711
0.037302
-0.081847
-0.134981
-0.259314
-0.327638
-0.285633
-0.084897
0.130875
0.366576
0.407160
0.150801
0.046748
0.031199
0.057741
0.102411
0.026224
0.113068
0.056317
-0.116605
-0.232967
-0.245326
-0.225114
-0.159197
-0.050720
-0.045295
0.008919
0.111255
0.190728
0.197165
0.026196
-0.096807
-0.044962
-0.010670
-0.012723
-0.045745
-0.129690
-0.200266
-0.059900
0.171583
0.214361
0.072647
0.024651
-0.039061
0.059451
0.022261
0.037976
-0.010867
-0.185781
-0.162572
-0.130996
-0.056929
0.000117
0.076537
0.198085
0.091852
0.005845
0.142620
0.081390
0.117663
-0.017774
-0.038032
-0.051856
-0.204024
-0.241273
-0.209685
-0.091776
-0.079972
0.022429
0.126074
0.233132
0.183216
0.147384
0.061122
0.020880
0.002515
0.013039
0.001334
-0.121553
-0.176638
-0.225618
-0.260550
-0.216343
-0.038373
0.079927
0.149121
0.110840
0.190680
0.282135
0.301455
0.260777
0.144413
-0.089096
-0.178994
-0.265867
-0.294291
-0.266934
-0.364925
-0.229574
-0.030199
0.152347
0.222334
0.289991
0.270457
0.240656
0.230443
0.126994
-0.021622
-0.278052
-0.291355
-0.172327
-0.051871
-0.004786
-0.086634
-0.126247
-0.152848
-0.112779
0.006548
0.192848
0.298501
0.262011
0.243063
0.052270
-0.130892
-0.224496
-0.044461
-0.074939
-0.185687
-0.217459
-0.154915
-0.092341
0.033950
0.143593
0.189874
0.161493
0.086945
0.196552
0.152896
0.028383
-0.106525
-0.112039
-0.100625
-0.073866
-0.123569
-0.147424
-0.194148
-0.141024
-0.058284
0.052501
0.128675
0.204033
0.253030
0.164825
0.011523
-0.079520
-0.088127
0.001803
-0.031813
-0.006625
-0.119654
-0.056607
0.023394
0.027951
-0.000762
0.020263
0.118390
0.095515
-0.019884
-0.062661
-0.064871
-0.091414
-0.045805
0.048860
-0.013137
-0.056996
-0.035398
0.050817
0.138425
0.128875
0.032778
-0.042602
-0.230534
-0.240303
-0.168720
-0.053453
0.046119
0.069911
0.031132
-0.059898
-0.070829
0.088382
0.196235
0.271162
0.134631
0.019152
-0.252702
-0.346671
-0.144209
0.007711
0.092067
0.065905
0.131531
0.162029
0.073235
0.078862
0.124059
0.149368
-0.003922
-0.045366
-0.178037
-0.152143
-0.084448
0.008842
-0.036504
-0.023289
-0.020364
0.021328
-0.044419
-0.003845
-0.030734
0.067218
-0.003146
0.088702
0.072812
-0.021069
-0.157035
-0.154727
-0.051534
0.039573
0.097329
0.046562
-0.067521
-0.154383
-0.205771
-0.170055
-0.101787
0.075335
0.270323
0.320759
0.138428
0.011196
-0.077750
-0.101656
-0.029658
0.049563
0.043688
-0.067368
-0.044384
-0.131759
-0.084250
-0.042010
0.088189
0.286256
0.255318
0.205056
0.115008
-0.030585
-0.226511
-0.250356
-0.230839
-0.106269
-0.078297
0.132071
0.168672
0.191088
0.082371
0.015651
0.028477
-0.071279
-0.143977
-0.171230
-0.153125
-0.198707
-0.201217
-0.156976
-0.076225
-0.016309
0.167883
0.163971
0.117631
0.031303
0.072977
0.197452
0.150032
0.059349
-0.064075
-0.259960
-0.256825
-0.147978
0.036542
0.097687
0.064670
0.066347
0.173505
0.187681
0.177694
0.166169
0.078888
-0.006952
-0.056119
-0.087099
-0.014112
-0.120231
-0.115425
-0.152354
-0.115687
-0.072198
-0.018985
0.076943
0.053160
0.017824
0.064901
0.017077
-0.046904
-0.078955
-0.166514
-0.126333
-0.100792
0.006112
-0.029638
-0.030668
0.051907
0.122053
0.191787
0.101938
0.012341
-0.146520
-0.143811
-0.125075
-0.023745
0.044667
0.099716
0.124005
0.082821
-0.074793
-0.027872
0.067535
0.146959
0.126433
0.171700
0.097663
-0.111139
-0.267811
-0.169396
-0.122926
-0.037988
0.002444
-0.025682
0.052429
-0.039702
0.038169
0.062040
0.128497
0.143443
0.124337
-0.031614
-0.171796
-0.069685
0.031503
0.091339
0.076490
-0.049048
-0.086464
-0.240011
-0.181094
-0.156175
-0.099823
-0.049513
0.039917
0.055427
0.033651
-0.011665
0.149331
0.201960
0.149798
0.032118
-0.028486
-0.068473
0.036389
0.052535
0.000018
-0.002317
-0.047323
-0.125832
-0.223545
-0.203139
0.003196
0.203536
0.273563
0.174629
0.061421
-0.075925
0.028937
0.027873
0.090558
0.013654
-0.042400
-0.131965
-0.243242
-0.175392
-0.133510
-0.106291
-0.076143
0.069723
0.188752
0.156387
0.008093
-0.036617
0.097058
0.143139
0.098745
-0.108995
-0.233408
-0.239018
-0.086810
0.075600
0.134997
0.080041
0.066228
0.040467
0.033619
0.005298
-0.027682
-0.063019
-0.101828
-0.096064
0.049414
0.201629
0.193286
0.200700
0.070952
-0.071049
-0.019972
-0.088324
-0.053380
-0.193105
-0.156341
-0.066091
-0.123641
-0.212845
-0.219621
-0.049176
0.147870
0.289199
0.278803
0.066175
0.045396
0.039584
0.190802
0.128844
-0.065464
-0.296082
-0.358178
-0.287806
-0.232685
-0.196451
-0.058036
0.155473
0.324579
0.383196
0.351746
0.200473
0.076508
-0.095597
-0.193278
-0.235458
-0.098664
-0.003878
0.040572
-0.060389
0.008276
0.114197
0.098115
0.031046
-0.034539
0.014210
0.038775
0.023573
0.089247
0.062658
-0.109581
-0.204739
-0.166553
-0.132964
-0.071181
-0.035962
0.029194
0.080950
0.076266
0.033883
-0.053177
-0.062742
-0.039231
-0.046869
-0.014807
-0.105334
0.018550
0.034474
0.075073
0.046511
0.012736
0.126225
0.124826
0.079887
-0.045805
-0.063506
-0.049691
-0.034352
-0.001528
0.044988
0.038259
0.009346
0.054368
-0.033008
-0.074143
0.028392
0.068717
0.129550
0.018952
-0.157565
-0.230670
-0.171598
-0.112469
0.032392
0.048834
0.017162
-0.003812
0.062485
0.121143
0.007774
-0.082568
-0.070434
0.027681
0.166036
0.149039
0.147130
0.045277
-0.098458
-0.077503
-0.075153
-0.092640
-0.152437
-0.185838
-0.180963
-0.101826
0.056684
0.120352
0.228197
0.237691
0.206362
0.089980
-0.015161
-0.031464
-0.062970
-0.155046
-0.202253
-0.117245
0.027787
0.050517
0.024830
-0.077924
-0.120234
-0.069274
-0.016018
0.081675
0.077103
0.034895
-0.018906
-0.032013
0.114919
0.176794
0.135634
0.043577
-0.055759
-0.110499
-0.295312
-0.312872
-0.146642
0.044451
0.210098
0.328267
0.292534
0.173094
-0.070886
-0.120197
-0.064881
-0.100035
-0.136364
-0.079425
-0.071898
-0.080160
-0.052685
-0.011778
0.087126
0.192566
0.173116
0.087072
0.051870
0.014569
0.023938
-0.110929
-0.246820
-0.358547
-0.210295
-0.005187
0.083038
0.059189
0.008195
0.029139
0.039918
0.130224
0.174367
0.064321
-0.049868
-0.112815
0.000033
0.113125
0.093141
0.065649
0.042101
-0.085508
-0.180398
-0.231367
-0.096274
0.072386
0.167289
0.096597
0.068902
0.027428
0.168205
0.290851
0.225350
0.081239
-0.116371
-0.277726
-0.404640
-0.465343
-0.313725
-0.136255
-0.033210
0.128833
0.282397
0.171881
0.065180
-0.029400
-0.030975
0.099252
0.093212
0.009249
-0.009512
-0.093051
-0.102637
-0.119112
-0.065140
0.096457
0.223942
0.236301
0.101845
-0.018624
-0.033718
0.022722
0.011764
-0.121944
-0.049114
-0.006668
0.082414
0.086046
-0.009157
-0.127352
-0.174701
-0.101314
0.063723
0.182631
0.051995
-0.006701
-0.029718
0.075731
0.003258
-0.017481
-0.055908
-0.178336
-0.234248
-0.313734
-0.291395
-0.143941
-0.013652
0.191132
0.334936
0.322745
0.212345
-0.012117
-0.071890
-0.097742
0.012265
0.136442
0.158805
-0.026940
-0.193192
-0.273449
-0.195297
-0.023495
0.090191
0.123753
0.248318
0.244997
0.229703
0.122946
0.002077
-0.044930
-0.083929
-0.070295
-0.009210
-0.056260
-0.214394
-0.356981
-0.379975
-0.203309
0.060837
0.266468
0.204702
0.068595
0.044407
0.053156
-0.010335
-0.117706
-0.110210
-0.060263
0.044965
0.025161
-0.023276
-0.044671
-0.015305
0.130578
0.134239
0.142941
0.029149
0.060468
-0.099618
-0.077396
0.080826
0.211657
0.141494
-0.099413
-0.313503
-0.219946
-0.039689
0.114555
0.185004
0.145440
-0.028122
-0.085979
-0.139985
-0.069437
0.074858
0.098307
0.100931
-0.158423
-0.312231
-0.247492
-0.099848
0.032113
0.172350
0.139343
0.123661
0.010164
-0.090389
-0.053029
0.005522
0.016627
0.161358
-0.056284
-0.109334
-0.162042
0.053515
0.165498
0.204741
0.066768
0.011558
0.052946
-0.115353
-0.116667
-0.075587
0.036842
0.110807
-0.044688
-0.096498
-0.027229
0.079780
0.175940
0.091966
0.100953
0.050934
0.090647
-0.145371
-0.241049
-0.233179
-0.204260
-0.133605
-0.089113
-0.015000
-0.005327
0.013251
0.187567
0.282883
0.182632
0.019576
-0.110716
-0.079126
-0.112645
-0.045115
-0.077200
-0.075201
-0.136188
-0.134540
-0.013590
0.130929
0.195858
0.220778
0.171011
0.094229
-0.091951
-0.057576
-0.103029
-0.055798
-0.120884
0.064613
0.070488
-0.049183
-0.082538
0.052699
0.059854
0.131429
0.077371
0.136610
0.084715
-0.064095
-0.098958
-0.102751
-0.200861
-0.163578
-0.142930
-0.001202
-0.101353
-0.051221
0.029706
0.129760
0.157875
0.112102
0.126359
-0.039243
-0.142394
-0.255966
-0.041506
0.049844
-0.011375
0.057095
-0.014099
0.116819
0.136409
0.169481
0.007380
-0.025429
-0.153721
-0.148230
-0.122335
-0.027789
0.054010
0.135890
0.167470
0.064879
-0.029939
-0.129928
-0.215030
-0.017552
0.171154
0.308570
0.256377
-0.016776
-0.204473
-0.242730
-0.190363
-0.187987
-0.124694
-0.022544
0.007876
0.070521
0.051244
0.112393
0.114079
0.143848
0.178084
0.128550
-0.061612
-0.222222
-0.266501
-0.196214
-0.022108
0.155477
0.046772
0.027473
-0.107984
-0.045111
-0.034059
0.040598
0.066895
-0.041109
0.028557
0.134587
0.266509
0.242319
0.080716
-0.155161
-0.398495
-0.285203
-0.148410
0.108589
-0.011982
0.032348
0.055834
0.038881
0.059105
0.057438
0.020804
0.002501
-0.003000
0.103579
0.142223
0.114907
-0.050950
-0.127516
-0.071965
-0.024766
-0.116238
-0.199791
-0.109034
0.035700
0.088558
0.151762
0.157437
0.071333
-0.091224
-0.031434
0.019082
0.080673
-0.008477
-0.070535
-0.051360
-0.176268
-0.239974
-0.246730
-0.079150
0.009596
0.168068
0.187837
0.122527
0.078299
0.020652
0.123458
0.140411
0.119726
0.039675
-0.000415
-0.085638
-0.119986
-0.162747
-0.159642
-0.113193
-0.029412
0.155862
0.202866
0.088523
-0.040521
-0.081966
-0.036449
0.017445
0.025571
-0.044133
-0.076451
-0.143757
-0.148056
-0.114904
-0.063025
0.092119
0.167006
0.205352
0.211995
0.131886
0.046621
-0.115171
-0.080546
-0.184811
-0.223699
-0.245310
-0.227422
-0.082059
-0.028226
0.123752
0.206854
0.192891
0.245514
0.225354
0.202364
0.022049
-0.044611
-0.069210
-0.193840
-0.208169
-0.057916
-0.024114
-0.036304
-0.170975
-0.106002
0.090417
0.107362
0.185943
0.165877
0.177002
0.203790
0.151817
0.093522
-0.156776
-0.260414
-0.328218
-0.336915
-0.291758
-0.126576
0.136561
0.147485
0.172383
0.179475
0.092435
0.056810
-0.035639
-0.086573
0.006137
-0.116502
0.008117
-0.034760
-0.147692
-0.128657
-0.082214
0.118526
0.126149
0.025050
0.000791
-0.103811
-0.047469
0.104123
0.170221
0.269265
-0.018932
-0.280528
-0.366989
-0.215226
0.050434
0.263791
0.251747
0.162315
0.116079
0.129458
0.073593
0.068591
0.010864
-0.006425
-0.161819
-0.220699
-0.209868
-0.182785
-0.064402
0.065431
0.230770
0.228419
0.084435
0.070074
-0.041494
-0.010520
-0.010169
-0.027872
0.001885
-0.209225
-0.356433
-0.298146
-0.110182
0.013989
0.176958
0.126775
0.121042
0.031485
-0.005693
0.019185
-0.031627
-0.054956
0.034098
0.054293
-0.116975
-0.110637
0.071831
0.138178
0.158728
0.062745
0.073504
0.016779
-0.092706
-0.084870
0.036041
0.190370
0.122900
0.006760
-0.227735
-0.323823
-0.341060
-0.103952
0.134369
0.348240
0.394662
0.228820
0.068734
-0.138186
-0.161218
-0.144021
-0.175408
-0.163745
-0.186033
-0.168324
-0.087031
0.119298
0.165617
0.256963
0.156748
0.102615
0.053188
0.045301
-0.068222
-0.044205
-0.084030
-0.084222
-0.142996
-0.231934
-0.160820
0.010710
0.093349
0.138277
0.170906
0.168862
0.035137
0.005009
-0.030036
0.125720
0.057933
-0.138807
-0.230500
-0.220136
-0.149965
-0.167726
-0.126133
0.092290
0.251297
0.298412
0.165876
0.141027
0.017237
-0.010515
-0.006119
-0.019281
-0.005948
-0.024662
-0.194454
-0.199309
-0.225705
-0.103690
0.008050
0.125243
0.329254
0.313567
0.206638
0.044646
-0.069000
-0.160245
-0.207514
-0.152285
-0.168448
-0.130091
-0.151431
-0.123865
-0.073290
0.037286
0.129695
0.130457
0.065751
0.078780
0.086853
0.095680
0.070830
0.074572
-0.013839
-0.068201
-0.124677
-0.125788
-0.066759
-0.058169
-0.053835
0.054287
0.085499
0.083781
0.000617
0.040423
0.183386
0.219226
0.213575
0.022499
-0.151947
-0.258724
-0.239196
-0.168805
-0.183670
-0.108821
-0.041322
0.024286
0.183381
0.259718
0.267843
0.044946
-0.026398
-0.114051
-0.096725
-0.127343
-0.121711
-0.059233
-0.034630
-0.084139
-0.040872
0.021490
0.049029
0.083257
0.047052
0.147380
0.141590
0.123129
-0.030448
-0.163238
-0.124253
-0.130530
-0.034172
0.099337
0.140503
0.068501
-0.144413
-0.185167
0.022581
0.158553
0.254309
0.135041
0.013203
-0.113805
-0.169161
-0.166729
-0.116834
-0.112699
-0.046515
0.105585
0.139953
0.012876
-0.140837
-0.118799
-0.043870
0.047573
0.216877
0.235987
0.012825
-0.167038
-0.266573
-0.119917
-0.007370
0.092070
0.094137
0.165738
0.039240
-0.129526
-0.097148
0.083989
0.202064
0.228143
0.152864
-0.055591
-0.176265
-0.289286
-0.206406
-0.056067
-0.039300
0.043232
0.047902
0.029125
-0.039597
-0.040405
0.039116
0.135089
0.214193
0.172782
0.067063
-0.021143
-0.222109
-0.205545
-0.193885
-0.134011
-0.022976
0.035208
-0.054092
-0.110357
-0.088353
0.146390
0.276643
0.282919
0.127756
-0.065303
-0.134114
-0.112368
0.032769
0.153620
0.082512
-0.053655
-0.200119
-0.234344
-0.145242
0.009994
0.118709
0.119823
0.074216
0.124399
0.160327
0.163914
0.074467
-0.149685
-0.229733
-0.227748
-0.143298
-0.177781
-0.193620
-0.054940
0.113979
0.348495
0.315168
0.297644
0.067495
-0.188057
-0.241437
-0.175539
0.024997
-0.062737
-0.197240
-0.232459
-0.167345
0.054273
0.269712
0.420429
0.350282
0.158291
-0.040741
-0.105929
-0.159604
-0.159344
-0.155112
-0.181553
-0.154534
-0.177826
-0.056050
0.025227
0.005601
0.097186
0.132021
0.287083
0.223395
0.191107
-0.056520
-0.251127
-0.316707
-0.248049
-0.008190
0.090993
0.094153
0.020454
-0.011212
0.100681
0.205634
0.287295
0.203785
-0.016226
-0.071890
-0.094494
-0.100453
-0.052540
-0.060915
-0.131073
-0.170024
-0.213158
-0.053553
0.037449
0.145227
0.229397
0.251808
0.182874
0.003421
-0.106063
-0.183853
-0.227544
-0.149037
-0.086033
-0.130370
-0.251351
-0.185220
-0.058758
0.083603
0.101525
0.212472
0.229071
0.179085
0.096506
0.130788
-0.010337
-0.162099
-0.248051
-0.150683
-0.093152
-0.075431
-0.067845
0.040089
0.087959
0.135151
0.302672
0.272417
0.151109
0.009885
0.036551
-0.010652
-0.045759
-0.125304
-0.134478
-0.077437
-0.149419
0.031850
0.025235
0.049179
0.084227
0.177631
0.209238
0.047664
-0.136644
-0.392368
-0.340422
-0.171758
0.127981
0.141288
-0.014551
-0.151978
-0.230409
-0.113837
0.102207
0.206249
0.148490
0.034687
-0.047796
-0.040502
-0.084760
-0.024990
-0.030078
-0.145779
-0.065696
-0.008345
0.122489
0.104809
0.050982
0.020147
0.096708
0.144752
0.170884
0.099324
-0.064062
-0.093815
-0.019597
-0.058141
0.018804
0.031568
0.139178
0.119331
-0.007682
-0.071591
-0.074797
-0.092449
0.058832
0.155405
0.103123
-0.001613
-0.148862
-0.214472
-0.183836
-0.141345
-0.008992
-0.070426
-0.106900
-0.170203
-0.132367
0.060785
0.208456
0.152213
0.054593
-0.003441
-0.029199
-0.051992
-0.094331
-0.048656
-0.030122
0.035794
0.091257
-0.025433
-0.079377
-0.042727
0.130402
0.259126
0.264423
0.195645
-0.025000
-0.145293
-0.254014
-0.101819
0.025213
0.067190
0.010573
-0.072367
-0.150731
-0.157556
-0.094109
0.067762
0.174911
0.287928
0.334551
0.099108
-0.105637
-0.160173
-0.123092
0.034912
0.033648
0.058149
-0.096644
-0.202469
-0.333476
-0.263354
-0.175065
0.023722
0.181597
0.280167
0.205126
0.090145
-0.060036
-0.198839
-0.159664
-0.094639
0.021349
0.097124
0.093593
-0.045730
-0.210645
-0.225598
-0.088156
0.153693
0.340777
0.404016
0.377476
0.152801
-0.125740
-0.162035
-0.096914
-0.061408
-0.093898
-0.030401
-0.097190
-0.151847
-0.222959
-0.102726
0.080216
0.118514
0.179799
0.136462
0.117507
0.022802
-0.092195
-0.105983
-0.090791
0.023449
0.007693
0.001706
-0.112136
-0.238981
-0.204089
-0.094785
0.018892
0.162911
0.220630
0.143754
0.079830
-0.016264
0.010635
0.005394
-0.030351
-0.101938
-0.067022
-0.065023
-0.067530
-0.122348
-0.197687
-0.044710
0.045950
0.214840
0.322796
0.318562
0.217331
-0.077241
-0.265565
-0.222130
-0.065667
-0.012689
-0.072910
-0.078273
-0.031512
0.146731
0.182508
0.199554
0.252616
0.140090
-0.106829
-0.318968
-0.260907
-0.132009
-0.012309
-0.008396
-0.054178
-0.112060
-0.101473
0.034941
0.179561
0.201187
0.130908
0.006189
-0.041561
-0.045227
-0.043327
-0.093047
-0.107660
-0.070982
-0.147759
-0.147063
-0.080422
0.019830
0.072089
0.042598
0.116962
0.124918
-0.013449
-0.135778
-0.145649
0.029925
0.227976
0.189997
0.122891
-0.070354
-0.082392
0.095220
0.191713
0.097403
-0.045467
-0.126303
-0.163452
-0.091646
-0.004730
0.095204
0.091719
0.058438
-0.013319
-0.029536
-0.020855
0.023895
0.091937
0.046805
-0.003754
-0.123170
-0.254405
-0.235073
-0.175352
0.016297
0.171956
0.099048
-0.057147
-0.103433
-0.155703
-0.040924
0.061655
0.174857
0.063195
0.038503
-0.075734
-0.185519
-0.149006
-0.000670
0.140397
0.342017
0.320939
0.221849
-0.078701
-0.275502
-0.247196
-0.151207
-0.037471
0.008184
0.115565
-0.013901
-0.057518
-0.021759
0.095393
0.263969
0.314819
0.302210
0.113989
-0.266118
-0.365351
-0.358386
-0.151254
-0.052619
0.042162
0.068542
-0.028513
-0.135337
-0.178960
-0.049749
0.140866
0.248748
0.249746
0.240060
0.095087
-0.118490
-0.231592
-0.249432
-0.073973
-0.084082
-0.101674
-0.174088
-0.065731
0.125427
0.225611
0.328735
0.092465
0.036522
-0.070061
-0.052962
0.093449
0.046912
0.005952
-0.098817
-0.166826
-0.229312
-0.262406
-0.062467
0.110173
0.253971
0.182306
0.096463
0.053325
0.003310
-0.066516
-0.102208
-0.127934
-0.029405
0.046465
0.042778
-0.074591
-0.116659
-0.117559
-0.047468
0.144876
0.256768
0.202639
0.088379
0.017447
0.051233
0.005050
0.020224
-0.105874
-0.196545
-0.233323
-0.218884
-0.136765
-0.028921
0.092698
0.137347
0.151454
0.190491
0.152637
0.020418
-0.118366
-0.131929
-0.124299
-0.089078
0.029983
-0.041870
-0.109093
-0.102636
-0.017004
0.142046
0.146439
0.130720
0.070676
-0.018485
-0.129132
-0.173802
-0.307861
-0.215869
0.000592
0.251226
0.325821
0.170091
-0.011660
-0.120530
-0.134263
0.025575
0.102605
0.126372
0.159378
0.217993
0.097065
-0.074460
-0.181577
-0.167384
-0.071991
0.004283
0.003467
-0.076864
0.024174
0.061530
0.137039
0.105969
-0.002052
-0.112030
-0.128023
-0.172857
-0.100177
-0.029523
0.027311
0.019184
-0.110207
-0.194742
-0.167944
-0.103712
0.091451
0.199631
0.226706
0.164067
-0.023245
-0.180447
-0.181826
-0.088996
0.060203
0.117955
0.198042
0.117901
-0.078376
-0.079795
-0.090341
-0.039920
0.084532
0.103441
0.098816
-0.017395
0.055492
0.139557
0.183649
0.137581
0.043345
-0.025277
-0.125642
-0.183725
-0.246542
-0.150187
-0.090178
-0.030776
-0.010918
-0.076357
0.005914
0.083825
0.210020
0.179502
0.049484
-0.130350
-0.214538
-0.253490
-0.187421
-0.052051
-0.006307
0.041504
-0.047797
-0.113368
0.020827
0.116229
0.133225
0.094964
0.142220
0.136206
0.078418
0.014800
-0.052422
0.028986
0.019540
0.056019
-0.062824
-0.070098
0.024475
0.109440
0.155882
0.150124
0.099819
-0.099546
-0.164671
-0.146809
-0.032362
0.101095
0.077435
-0.058669
-0.195987
-0.197098
-0.067584
0.022597
0.002158
0.041558
-0.021774
-0.099724
-0.108512
-0.030587
0.017078
-0.059684
-0.039702
-0.002850
0.046172
-0.057828
-0.099536
-0.007497
0.049805
0.123195
0.141526
0.187192
0.050140
0.026352
-0.001369
-0.077803
-0.190969
-0.101622
0.053664
0.090006
-0.035392
-0.077287
-0.040094
0.117497
0.185959
0.203921
0.200122
0.013445
-0.063716
-0.183662
-0.118793
-0.044402
0.072725
0.045620
0.014712
-0.092979
-0.160446
-0.043695
0.087984
0.296216
0.285347
0.098477
-0.146773
-0.336595
-0.397364
-0.276583
-0.125281
0.023541
0.111055
-0.019531
-0.179329
-0.154956
0.085493
0.317217
0.310029
0.096137
0.061722
-0.101356
-0.216982
-0.160019
-0.107044
-0.010127
-0.005565
-0.043266
-0.038249
-0.011857
0.077189
0.235808
0.381357
0.249927
0.138985
-0.057638
-0.172405
-0.107286
-0.109769
-0.037899
-0.104773
-0.092960
-0.125890
0.095317
0.200390
0.247566
0.252434
0.131298
0.051629
-0.108559
-0.193758
-0.237285
-0.237490
-0.147593
-0.155740
-0.176056
-0.212623
-0.153972
0.024852
0.135412
0.148458
0.181233
0.106407
0.105779
0.053805
0.035786
-0.068041
-0.010772
-0.137726
-0.217881
-0.314734
-0.171520
0.053129
0.219265
0.279668
0.313742
0.265600
0.124389
0.037773
0.030495
-0.004282
-0.031370
-0.183724
-0.183159
-0.089263
-0.072834
-0.076380
-0.056303
0.040549
0.224800
0.178280
0.100034
0.006551
0.006609
-0.026820
-0.059582
-0.134057
-0.160801
-0.247017
-0.094799
-0.112685
-0.015991
-0.085401
0.022144
0.082241
0.161025
0.207619
0.119665
0.083157
-0.010954
-0.136040
-0.149696
-0.122240
0.018334
-0.005775
-0.084454
-0.184393
-0.119363
-0.017677
-0.000589
0.101629
0.307151
0.427297
0.355647
0.147556
-0.094404
-0.157747
-0.145298
-0.099677
-0.123547
-0.268654
-0.374891
-0.292701
-0.162783
0.047716
0.221539
0.432892
0.497333
0.434609
0.065168
-0.186395
-0.351771
-0.299980
-0.110205
0.052843
0.078299
-0.058746
-0.248161
-0.167116
-0.026625
0.153978
0.211032
0.262593
0.115482
-0.019725
-0.125080
-0.130549
-0.126389
-0.087548
-0.045860
0.134875
0.075746
-0.080156
-0.228471
-0.281497
-0.077822
0.080544
0.393763
0.350023
0.196868
0.006596
-0.108952
-0.135485
-0.067002
-0.074672
-0.024001
-0.110698
-0.126426
-0.127876
-0.085622
0.020002
0.255413
0.265382
0.200566
0.105380
0.106541
-0.006172
-0.158047
-0.250774
-0.285999
-0.083688
-0.103310
-0.021407
0.013250
-0.061925
-0.124640
-0.097379
0.083668
0.115757
0.172479
0.105751
0.147115
0.185003
-0.034157
-0.020487
-0.070426
-0.061389
-0.008268
-0.042585
-0.086144
-0.136718
-0.115527
-0.079766
0.003158
0.045965
0.141738
0.246765
0.273869
0.154965
-0.025511
-0.075382
-0.209672
-0.196698
-0.057491
0.114202
0.105537
0.013013
0.003673
-0.169536
-0.186755
-0.246191
-0.061187
0.093776
0.140828
0.139747
0.074702
-0.034298
-0.029168
0.018595
0.072586
0.044548
-0.043749
-0.169584
-0.256533
-0.266810
-0.183937
-0.126680
0.055627
0.240386
0.320441
0.339445
0.217422
0.152222
0.112463
0.023074
0.011411
0.014757
-0.165844
-0.451750
-0.423585
-0.289063
-0.009976
0.226290
0.267523
0.243081
0.199106
0.151244
0.111616
0.000553
-0.102201
-0.125615
-0.078695
-0.100710
-0.125328
-0.096731
-0.054032
-0.096509
-0.035470
0.005537
0.060078
0.097863
-0.062045
-0.128462
-0.053983
-0.045011
0.031581
-0.016528
0.045930
0.028147
0.042723
0.119670
0.219696
0.153558
0.066476
-0.032902
-0.137440
-0.082673
-0.093122
-0.047452
-0.010063
-0.029751
-0.094167
0.008795
0.092584
0.123764
0.086655
0.075551
-0.002987
-0.044283
-0.055178
-0.125605
-0.113725
-0.020656
-0.068987
-0.013469
-0.064396
-0.060163
0.025567
0.047183
0.034310
0.048265
-0.052699
-0.060833
-0.040453
0.035659
0.030633
0.000724
0.085451
0.179789
0.204606
-0.045030
-0.197422
-0.263247
-0.153784
0.034366
0.125458
0.107071
0.027645
-0.037300
-0.009453
-0.006858
0.011817
0.167615
0.238138
0.100132
-0.111719
-0.143461
-0.136258
-0.088894
-0.093953
-0.039176
0.039122
0.078438
0.164822
0.087582
-0.171850
-0.194528
-0.123174
0.000724
0.083880
0.059385
0.006661
-0.020913
-0.060369
0.027562
0.035488
-0.000724
-0.044975
-0.045919
-0.097583
-0.000472
0.027337
-0.037654
0.038502
0.105693
0.169180
0.026497
-0.178300
-0.145554
-0.150676
0.069921
0.241186
0.304688
0.090848
-0.068767
-0.207647
-0.083935
0.115442
0.229063
0.178362
-0.172248
-0.447223
-0.372505
-0.115585
0.196568
0.333289
0.373110
0.105364
-0.085550
-0.160039
-0.198121
-0.144216
-0.168140
0.014945
0.073672
-0.031232
-0.124113
-0.296980
-0.196126
-0.056725
0.179906
0.345763
0.311137
0.168602
0.014504
-0.085901
-0.029301
0.018959
0.131993
0.045006
-0.021236
-0.176832
-0.245400
-0.160907
0.068116
0.259211
0.381947
0.213976
-0.007699
-0.163892
-0.201382
-0.126034
-0.043576
-0.034711
-0.080598
-0.116468
-0.109406
-0.084634
-0.026911
-0.014437
0.094429
0.060708
-0.018546
-0.055553
0.016568
0.053762
0.038761
-0.105194
-0.090267
0.012233
0.085745
0.117170
0.046647
-0.021562
0.016253
-0.059983
0.061646
0.231056
0.149986
0.077654
-0.076267
-0.080874
-0.147334
-0.150087
-0.073348
-0.123311
-0.107200
-0.134962
-0.047988
0.042990
0.048409
0.129504
0.132611
0.187774
0.157089
0.059097
0.031375
-0.042526
-0.089898
-0.184251
-0.149210
-0.116605
-0.011751
-0.069725
-0.157865
-0.145027
-0.032167
0.084117
0.225742
0.259136
0.333874
0.249896
0.169651
0.046561
-0.127579
-0.279941
-0.328291
-0.308547
-0.275537
-0.183971
0.027191
0.191363
0.273130
0.201913
0.184373
0.242707
0.175074
0.123784
-0.004502
-0.234547
-0.301448
-0.364853
-0.396142
-0.406587
-0.156506
0.079468
0.297463
0.356668
0.276950
0.218028
0.076770
0.032585
0.021783
-0.039742
-0.062448
-0.110001
-0.223338
-0.302073
-0.196271
-0.005471
0.159741
0.196951
0.288519
0.279540
0.188228
0.048369
0.059592
0.003408
-0.136784
-0.165960
-0.177400
-0.286011
-0.224388
-0.060655
0.118014
0.094977
0.055047
0.096228
0.100615
0.055950
0.040213
0.031093
-0.050594
-0.118548
-0.170506
-0.252600
-0.234324
-0.111507
0.083618
0.165848
0.206136
0.217672
0.156471
0.208151
0.154715
0.051966
-0.153610
-0.378337
-0.400624
-0.271253
-0.141827
0.020397
0.196507
0.310362
0.239286
0.328497
0.324395
0.270741
0.070448
-0.190905
-0.169070
-0.280069
-0.327707
-0.326235
-0.281354
-0.222600
-0.095209
0.123911
0.239377
0.279802
0.316686
0.226846
0.158223
0.056066
0.044511
-0.168477
-0.361789
-0.371063
-0.219373
-0.060584
0.046249
0.059604
-0.025573
-0.118119
-0.029433
0.122141
0.271782
0.209717
0.200616
0.171449
0.065305
-0.002774
-0.147212
-0.196501
-0.152808
-0.056383
0.032305
-0.082576
-0.099325
-0.008265
0.017242
0.105111
0.135828
0.182889
0.120686
0.042164
0.000071
-0.050496
-0.109631
-0.148489
-0.155320
-0.135352
-0.166544
-0.118645
-0.029483
0.033775
0.180104
0.210359
0.222592
0.060268
-0.135055
-0.149614
-0.121666
-0.025846
0.047962
0.099750
0.006197
-0.093343
-0.114242
-0.018326
0.054371
0.132077
0.113153
0.145377
0.061985
-0.096490
-0.114838
-0.166757
-0.123888
-0.079559
0.102233
0.159423
0.082495
-0.091769
-0.129355
-0.109685
-0.116729
-0.027925
0.138209
0.168409
0.114260
0.114786
0.107456
-0.021536
-0.142639
-0.170413
-0.046044
0.098143
0.105705
0.015493
-0.074456
-0.090528
-0.078085
-0.041464
0.045180
-0.005996
-0.077166
-0.034085
0.003167
0.017084
0.066555
0.069682
0.119538
-0.032724
-0.126008
-0.115522
-0.031967
0.034156
0.027477
0.107757
0.065381
0.065742
0.105128
-0.044848
-0.144881
-0.187200
-0.095520
-0.032524
-0.047343
-0.028448
-0.095227
-0.059056
0.008254
0.240486
0.286310
0.244199
0.153713
0.056033
-0.111505
-0.208075
-0.258671
-0.175019
-0.177476
-0.056683
0.071285
0.154031
0.129995
0.133858
0.190837
0.036320
-0.138063
-0.121180
-0.124592
-0.046850
-0.062686
-0.008995
-0.046190
0.020913
-0.072146
-0.067806
0.021563
0.124936
0.282126
0.196434
0.004362
-0.151828
-0.217101
-0.066876
0.051922
0.094659
-0.081735
-0.241127
-0.255082
-0.112854
0.137195
0.308763
0.386419
0.160994
-0.116496
-0.100955
0.013328
0.011141
-0.070602
-0.106825
-0.110744
-0.131240
-0.084418
-0.014152
0.067431
0.103924
0.143611
0.174034
0.075681
-0.014182
-0.144529
-0.213422
-0.273832
-0.161111
0.018994
0.037082
0.033737
-0.043726
0.044968
0.224575
0.365405
0.377143
0.075709
-0.104445
-0.254868
-0.278669
-0.308078
-0.221669
0.001024
0.019647
0.029469
0.002519
0.086186
0.159337
0.172032
0.219131
0.156344
0.013794
-0.118087
-0.153476
-0.209582
-0.093546
-0.021512
0.039976
0.044735
-0.084747
-0.086717
0.065027
0.218435
0.235491
0.255594
0.043064
-0.202970
-0.235546
-0.336894
-0.200830
-0.060531
0.127015
0.270347
-0.019758
-0.147673
-0.256921
-0.120652
0.027451
0.285737
0.310398
0.130806
-0.015968
-0.134785
-0.112426
-0.036016
0.027357
0.078633
-0.031313
-0.191949
-0.154368
-0.082598
0.111564
0.093185
0.127012
0.185107
0.237037
0.124282
-0.028494
-0.083386
-0.087587
-0.089660
-0.073788
-0.190365
-0.258333
-0.295339
-0.177613
0.040274
0.308564
0.280131
0.329687
0.126420
-0.052499
-0.089846
-0.152939
-0.069274
-0.057718
0.024550
0.036046
-0.081020
-0.067701
-0.176010
-0.078977
-0.030103
0.108097
0.181505
0.134059
0.084169
0.070117
0.003357
-0.018251
-0.091526
-0.091331
-0.090123
-0.077589
-0.060861
-0.028867
-0.086051
0.007736
0.086176
0.052252
-0.035861
-0.013827
0.074631
0.108132
0.002107
0.041288
0.065324
0.116844
0.064287
0.011578
-0.112712
-0.085544
0.001216
0.141570
0.056997
0.012809
-0.135064
-0.134395
-0.152760
-0.073288
-0.068960
0.009714
-0.061262
0.112602
0.042489
0.040934
-0.034334
-0.095553
-0.132915
-0.117897
-0.001916
0.105903
0.075919
-0.007912
0.028790
-0.035999
-0.100396
-0.055747
-0.010144
0.041747
-0.020491
0.126471
0.118402
0.085078
0.032808
0.023147
0.051474
0.045919
0.076097
0.029750
-0.007712
0.026694
0.032799
-0.042837
-0.066296
0.023776
0.134438
0.161967
0.013738
-0.090340
-0.168807
-0.179327
-0.145949
-0.115835
-0.104993
-0.000270
-0.047697
0.046214
-0.057205
-0.076868
-0.157419
-0.080784
0.090034
0.183628
0.191257
0.015890
-0.123970
-0.096422
-0.042847
0.067136
0.033841
0.028253
-0.077169
-0.072130
0.044996
0.057510
0.122334
0.158566
0.120078
0.012706
0.056570
0.095907
-0.002386
-0.054818
-0.127433
-0.167823
-0.041785
0.121781
0.265074
0.112423
-0.109030
-0.175261
-0.179562
-0.180698
-0.117889
-0.140409
-0.037072
-0.065958
0.105056
0.133186
0.165229
0.086836
0.124126
0.178189
0.022910
-0.051094
-0.181746
-0.309124
-0.216365
-0.076374
0.035283
0.014046
-0.036882
-0.081820
-0.074321
0.039193
0.165075
0.394434
0.388007
0.238498
0.094604
-0.100926
-0.188261
-0.178000
-0.176859
-0.084490
-0.146122
-0.116506
-0.094910
-0.122353
-0.100936
0.037796
0.222507
0.305256
0.216814
0.110515
-0.047936
-0.126048
-0.101257
-0.149757
-0.110161
-0.111910
-0.131545
-0.147230
-0.159180
-0.064626
0.074454
0.200081
0.296511
0.214395
0.149420
0.065736
0.030211
0.051182
0.123119
0.109568
-0.017291
-0.168254
-0.210033
-0.237099
-0.177470
-0.113399
-0.002599
0.050294
0.105274
0.136387
0.006583
-0.066417
-0.159878
-0.101781
-0.038843
0.019747
0.122191
0.113361
0.046797
-0.098887
-0.158926
-0.181555
-0.112520
0.022085
0.054851
0.132170
0.164931
0.161201
0.098061
-0.045354
-0.064191
0.004548
0.096813
0.124222
0.092074
-0.074909
-0.200358
-0.180258
-0.055480
0.130745
0.185165
0.128269
0.071394
-0.116416
-0.109275
-0.120393
-0.004159
0.070371
0.061222
-0.045498
-0.147213
-0.259429
-0.236033
-0.111888
0.072253
0.234479
0.282135
0.101542
0.000396
-0.021498
0.013806
-0.014659
-0.093278
-0.094006
-0.081556
-0.038494
-0.059120
-0.096053
-0.077048
-0.088508
0.047433
0.133519
0.180682
0.123275
0.142197
0.114849
0.244312
0.150320
-0.051171
-0.164681
-0.262719
-0.296647
-0.266282
-0.236072
-0.115369
0.045333
0.180538
0.405995
0.480475
0.276817
-0.008079
-0.149530
-0.245056
-0.239262
-0.243083
-0.108653
-0.036870
0.025417
-0.021326
0.012486
-0.069401
-0.006476
0.107755
0.183692
0.275873
0.269443
0.016548
-0.246144
-0.331777
-0.210962
-0.137753
0.023769
0.036802
-0.003372
-0.112164
-0.127437
0.083618
0.200399
0.241580
0.213964
0.193088
0.184798
-0.059299
-0.217708
-0.283420
-0.183132
-0.086077
-0.003873
0.024890
-0.125133
-0.152366
-0.026967
0.134602
0.308133
0.273732
0.243289
0.107169
-0.056082
-0.113197
-0.176240
-0.218276
-0.158100
-0.065618
0.029447
-0.049266
-0.153248
-0.133268
-0.047328
0.091551
0.181999
0.220349
0.148065
0.081195
0.024272
-0.023311
-0.057156
-0.024672
-0.050116
-0.038731
-0.119702
-0.180261
-0.144145
-0.113698
-0.009432
0.109843
0.161664
0.147318
0.069076
0.034415
-0.029325
-0.097661
-0.060653
0.096443
0.129540
-0.025271
-0.246894
-0.254126
-0.164466
0.032358
0.213753
0.212877
0.180955
0.135068
0.042414
0.057216
-0.155885
-0.190649
-0.108000
-0.010709
0.022461
-0.099112
-0.096724
0.074948
0.232230
0.238490
0.223981
0.098591
-0.085472
-0.191391
-0.186143
-0.119142
-0.142654
-0.230658
-0.306828
-0.163627
0.053154
0.302786
0.343312
0.206952
0.059778
0.003147
-0.100148
-0.251391
-0.229879
-0.128790
-0.008424
0.025450
0.109738
0.117162
0.032717
-0.046508
0.046962
0.145681
0.155465
0.144310
0.129182
0.010327
-0.110242
-0.181075
-0.097356
0.000530
0.029114
-0.084264
-0.073680
0.009787
0.100377
0.229091
0.156198
0.100358
-0.043867
-0.145201
-0.120147
-0.066542
-0.066023
-0.118557
-0.182498
-0.174496
-0.274876
-0.186791
-0.122253
-0.047585
0.126106
0.208221
0.263456
0.247617
0.230880
0.089317
-0.132859
-0.258051
-0.203304
-0.018727
0.152360
0.170360
0.093027
-0.113422
-0.189423
0.034029
0.211608
0.252463
0.251205
0.070949
-0.008457
-0.046692
-0.118563
-0.019970
-0.094813
-0.070161
-0.036929
-0.046991
-0.043673
-0.217517
-0.159465
-0.024392
0.087499
0.069248
0.055425
-0.036941
-0.203302
-0.154108
-0.118318
-0.011360
-0.060673
-0.084965
0.098967
0.188008
0.114102
0.053118
0.041398
-0.063473
0.053869
0.163104
0.240656
0.227898
-0.051360
-0.269871
-0.271483
-0.180461
-0.005580
0.114896
0.234046
0.117374
-0.019760
-0.070679
0.028400
0.196836
0.247099
0.234282
-0.028615
-0.278157
-0.297209
-0.289545
-0.207163
-0.158554
-0.047025
0.075158
0.114824
0.001303
-0.110560
-0.113622
-0.005997
0.165969
0.226840
0.156973
0.011152
-0.164048
-0.265605
-0.222510
-0.147617
-0.014535
0.058759
0.092966
0.159264
0.142001
0.084672
0.088542
0.112393
0.182578
0.116081
0.049887
-0.002299
-0.086901
-0.072023
0.004230
0.102705
0.010670
-0.083836
-0.018157
0.032898
0.046554
-0.069494
-0.056070
-0.138961
-0.127782
0.064348
0.048914
0.069776
-0.029725
-0.184374
-0.179750
-0.272362
-0.058097
0.048373
0.046121
-0.018485
-0.011149
-0.060192
-0.165647
-0.146780
-0.093956
0.073986
0.221355
0.278217
0.305408
0.107582
0.053286
-0.110219
-0.105720
-0.039322
0.126669
0.192534
0.018081
-0.081055
-0.075817
-0.043873
0.035660
0.056226
0.165547
0.060650
-0.010198
-0.027835
0.059701
0.054169
-0.139199
-0.155218
-0.185811
-0.127305
-0.130134
-0.195203
-0.135393
-0.024743
0.156922
0.225462
0.112214
0.041487
-0.067789
-0.108266
-0.037056
0.171216
0.199595
-0.129082
-0.399108
-0.412500
-0.246172
-0.048186
0.166655
0.354585
0.359495
0.249228
0.229871
0.195429
0.022558
-0.150659
-0.217722
-0.196949
-0.166660
-0.148447
-0.011110
0.132350
0.210966
0.239041
0.140694
0.101670
-0.093771
-0.137858
-0.128530
0.000456
0.069832
0.038512
-0.123052
-0.318653
-0.306236
-0.099690
0.093373
0.209336
0.210729
0.157389
0.016927
-0.181665
-0.104819
-0.031514
0.059062
-0.001913
-0.164132
-0.131307
-0.104279
0.039969
0.124818
0.150104
0.139364
0.077846
0.055002
-0.039989
-0.095784
-0.074856
-0.027907
-0.045810
-0.036846
-0.075626
-0.109328
-0.106948
-0.146871
0.023760
0.141025
0.241042
0.292993
0.154347
0.025364
-0.100875
-0.104708
0.030538
0.025112
0.020406
-0.153864
-0.139383
-0.109595
0.008228
0.168879
0.145899
0.070803
-0.022520
0.090881
0.198264
-0.028262
-0.142136
-0.161232
-0.079696
-0.012381
-0.007192
0.042901
-0.035792
-0.145537
-0.138631
-0.080529
-0.075269
0.032831
-0.016250
-0.072710
-0.103609
-0.052640
-0.046850
-0.016857
-0.034535
0.032179
0.015861
0.029939
0.149759
0.144182
0.000791
-0.033004
-0.049697
0.066703
0.115868
0.154016
0.168767
0.168787
0.003454
-0.092224
-0.163482
-0.101883
-0.018272
0.067955
0.095367
0.163073
0.102085
-0.065649
-0.165843
-0.167192
-0.045891
0.101886
0.021738
-0.096578
-0.092559
-0.121650
0.011744
0.037744
0.053807
-0.003378
-0.039348
-0.130216
-0.028322
-0.187475
-0.138413
-0.022215
0.111757
0.067040
0.015780
-0.117929
-0.101777
0.004382
0.164630
0.174910
0.120702
0.068963
0.055754
-0.070383
-0.079837
-0.009545
0.061072
0.036540
-0.000170
-0.055671
-0.074374
-0.027205
0.053913
0.156745
0.114604
0.043214
-0.057211
-0.141520
-0.114105
0.030309
0.134579
0.205481
0.091609
-0.046355
-0.237908
-0.216310
-0.209244
-0.139373
-0.033646
0.094431
0.218437
0.176143
-0.089441
-0.122335
-0.143712
-0.093666
-0.053303
0.051422
0.065046
-0.021716
-0.063448
-0.018884
0.016984
0.085531
0.146116
0.174358
0.143263
0.070907
0.053078
-0.037265
-0.089626
-0.182755
-0.149046
-0.068097
-0.049078
0.043401
0.045829
0.030193
0.083277
0.083779
0.184584
0.111272
-0.002841
-0.067140
-0.185450
-0.206078
-0.229317
-0.037359
0.073383
0.038047
-0.007477
-0.023440
-0.018298
-0.077347
-0.103913
0.053206
0.102439
0.156879
0.136611
0.104114
0.073078
-0.006555
-0.040306
-0.091393
-0.103429
-0.113250
-0.175439
-0.230382
-0.081539
0.114274
0.233479
0.153714
0.021221
0.067637
0.129227
0.200250
0.107595
0.006433
-0.130041
-0.243386
-0.274958
-0.254412
-0.254294
-0.033926
0.133183
0.371408
0.323381
0.190229
0.038870
-0.082430
-0.071280
-0.086313
-0.106554
-0.051978
-0.097222
-0.156409
-0.267224
-0.301226
-0.069532
0.221663
0.432409
0.446601
0.287136
0.155264
-0.012140
-0.131884
-0.121956
-0.073816
-0.036724
-0.231266
-0.421341
-0.348349
-0.232631
0.034934
0.204780
0.270469
0.334102
0.171846
0.115998
-0.041994
-0.039734
-0.023189
-0.023950
-0.188455
-0.344647
-0.301507
-0.105147
0.135755
0.315737
0.270847
0.166368
-0.013496
-0.093409
0.087235
0.150013
0.097054
0.044332
-0.072861
-0.249398
-0.357870
-0.172716
-0.014493
0.114369
0.059014
0.117596
0.152743
0.086484
0.076527
0.037304
0.045559
-0.040489
-0.201575
-0.353214
-0.349526
-0.065730
0.128123
0.277937
0.248261
0.155306
0.094751
-0.025819
-0.011087
-0.052931
0.081732
0.051361
-0.015789
-0.129239
-0.377022
-0.286508
-0.118703
0.173529
0.324640
0.337064
0.261504
0.102256
-0.122373
-0.240736
-0.192534
-0.084450
-0.056038
0.015132
-0.194601
-0.216202
-0.143567
0.062821
0.192775
0.270781
0.200934
0.092688
-0.158929
-0.251397
-0.170091
-0.016739
0.077262
0.122279
0.128479
-0.019304
-0.091336
-0.024023
0.064957
0.185010
0.196780
0.168259
0.066132
-0.142724
-0.189835
-0.271421
-0.181493
-0.131750
-0.030019
-0.012787
0.041877
0.145251
0.120035
0.103143
0.192131
0.174849
0.126386
-0.074378
-0.150533
-0.163876
-0.117463
-0.132098
-0.177339
-0.188663
-0.092911
0.001161
0.118228
0.196698
0.141116
0.132540
0.047637
0.052186
-0.073518
-0.114220
-0.047433
0.005053
-0.118040
-0.185599
-0.066682
0.074671
0.063548
0.020800
-0.039756
0.005735
0.113915
0.124793
0.199799
0.122448
0.019416
-0.049878
-0.185401
-0.226728
-0.157382
0.021057
0.097452
0.201380
0.232659
0.160798
0.018706
-0.111260
-0.121134
-0.154317
-0.126054
-0.142344
-0.168330
-0.175894
-0.114367
0.005197
0.180235
0.284659
0.242111
0.207274
0.093611
-0.064693
-0.133094
-0.193594
-0.127726
-0.172478
-0.148017
-0.152158
-0.060632
0.153595
0.244868
0.333282
0.177685
-0.015635
-0.127994
-0.211672
-0.143938
-0.065087
-0.008235
-0.039447
-0.144519
-0.061408
0.108219
0.237511
0.267688
0.165038
0.027095
-0.140341
-0.285579
-0.233225
-0.104802
-0.040942
-0.000037
0.033684
0.035442
0.032368
0.114224
0.201089
0.333311
0.308963
0.108103
-0.037817
-0.250802
-0.402672
-0.312896
-0.174430
0.044578
0.160799
0.101107
-0.014530
-0.139703
-0.088294
0.041567
0.089604
0.219715
0.280190
0.103970
-0.095319
-0.154214
-0.168507
-0.158813
-0.156114
-0.184081
-0.181304
-0.136547
-0.003606
0.232206
0.273781
0.268154
0.164463
0.023870
-0.052529
-0.104311
-0.041671
0.018325
-0.005498
-0.092738
-0.084091
-0.055515
0.126396
0.110151
0.027021
-0.002590
-0.058593
-0.032354
-0.137370
-0.174297
-0.171951
0.000672
0.087752
0.177106
0.127930
-0.025942
-0.055491
0.122217
0.237192
0.216539
0.063072
-0.103756
-0.286146
-0.284780
-0.219020
-0.133810
-0.114113
-0.087891
0.037814
0.065345
0.153086
0.225519
0.330632
0.380177
0.287820
0.041038
-0.190029
-0.280711
-0.291866
-0.189421
-0.181651
-0.090525
-0.096793
-0.176275
-0.098436
0.083575
0.232485
0.235563
0.127353
0.152223
0.173296
0.055425
-0.078226
-0.144764
-0.292790
-0.211373
-0.120529
0.110757
0.153783
-0.077753
-0.056672
-0.017960
0.225851
0.229745
0.106000
-0.048760
-0.167978
-0.157601
-0.045157
0.095178
0.103286
0.052013
-0.106198
-0.351643
-0.275158
-0.013617
0.233376
0.266820
0.109076
0.045129
0.055940
0.020133
0.011628
-0.033799
-0.102676
-0.144641
-0.155511
-0.014449
-0.039680
-0.036396
-0.012010
-0.053098
0.156876
0.139794
0.249508
0.182697
0.115129
0.018614
-0.062621
-0.207418
-0.166020
-0.049391
-0.037047
-0.015396
-0.142542
-0.039437
0.093105
0.142116
0.129785
0.026683
-0.099722
-0.161403
-0.164767
-0.134981
-0.017557
0.103605
0.079548
0.210844
0.037599
-0.218363
-0.249051
-0.180254
0.105454
0.200328
0.174976
0.102945
-0.000660
-0.083993
-0.137892
-0.093318
-0.006665
