#48 Hz
1.245098e-04
1.000000e+00 2.000000e+00 9.999997e-01 1.000000e+00 -1.962087e+00 9.825848e-01
1.000000e+00 -2.000000e+00 1.000000e+00 1.000000e+00 -1.968876e+00 9.854361e-01

#120 Hz
7.780287e-04
1.000000e+00 2.000000e+00 9.999997e-01 1.000000e+00 -1.831753e+00 9.583182e-01
1.000000e+00 -2.000000e+00 1.000000e+00 1.000000e+00 -1.862277e+00 9.626915e-01

#546 Hz
1.415032e-02
1.000000e+00 2.000000e+00 9.999997e-01 1.000000e+00 1.414961e-01 8.322749e-01
1.000000e+00 -2.000000e+00 1.000000e+00 1.000000e+00 -1.963557e-01 8.327025e-01

#620 Hz
1.785500e-02
1.000000e+00 -2.000000e+00 1.000000e+00 1.000000e+00 1.659577e-01 8.084948e-01
1.000000e+00 2.000000e+00 9.999997e-01 1.000000e+00 5.401055e-01 8.156620e-01

#750 Hz	
2.517611e-02
1.000000e+00 -2.000000e+00 1.000000e+00 1.000000e+00 7.553471e-01 7.612362e-01
1.000000e+00 2.000000e+00 9.999997e-01 1.000000e+00 1.154765e+00 7.939698e-01

#800 Hz
2.824794e-02
1.000000e+00 -2.000000e+00 1.000000e+00 1.000000e+00 9.520854e-01 7.399303e-01
1.000000e+00 2.000000e+00 9.999997e-01 1.000000e+00 1.349033e+00 7.899214e-01

#850 Hz
3.145326e-02
1.000000e+00 -2.000000e+00 1.000000e+00 1.000000e+00 1.124670e+00 7.151349e-01
1.000000e+00 2.000000e+00 9.999997e-01 1.000000e+00 1.515845e+00 7.904018e-01
#END