#48 Hz
2.930094e-05
1.000000e+00 2.000000e+00 9.999997e-01 1.000000e+00 -1.984084e+00 9.886387e-01
1.000000e+00 -2.000000e+00 1.000000e+00 1.000000e+00 -1.990548e+00 9.953167e-01

#120 Hz
2.016789e-04
1.000000e+00 2.000000e+00 9.999997e-01 1.000000e+00 -1.946510e+00 9.787749e-01
1.000000e+00 -2.000000e+00 1.000000e+00 1.000000e+00 -1.955860e+00 9.813309e-01

#546 Hz
3.845109e-03
1.000000e+00 2.000000e+00 9.999997e-01 1.000000e+00 -1.298059e+00 9.084855e-01
1.000000e+00 -2.000000e+00 1.000000e+00 1.000000e+00 -1.426870e+00 9.163276e-01

#620 Hz
4.900544e-03
1.000000e+00 2.000000e+00 9.999997e-01 1.000000e+00 -1.127357e+00 8.970964e-01
1.000000e+00 -2.000000e+00 1.000000e+00 1.000000e+00 -1.285726e+00 9.051855e-01

#750 Hz	
7.028156e-03
1.000000e+00 2.000000e+00 9.999997e-01 1.000000e+00 -7.999985e-01 8.778063e-01
1.000000e+00 -2.000000e+00 1.000000e+00 1.000000e+00 -1.011989e+00 8.855665e-01

#800 Hz
7.935346e-03
1.000000e+00 2.000000e+00 9.999997e-01 1.000000e+00 -6.669801e-01 8.706456e-01
1.000000e+00 -2.000000e+00 1.000000e+00 1.000000e+00 -8.994795e-01 8.779843e-01

#850 Hz
8.890164e-03
1.000000e+00 2.000000e+00 9.999997e-01 1.000000e+00 -5.311512e-01 8.636423e-01
1.000000e+00 -2.000000e+00 1.000000e+00 1.000000e+00 -7.837712e-01 8.703682e-01
#END