1.197907e-04
1.000000e+00 2.000000e+00 9.999997e-01 1.000000e+00 -1.962087e+00 9.825848e-01
1.000000e+00 -2.000000e+00 1.000000e+00 1.000000e+00 -1.968876e+00 9.854361e-01
7.779411e-04
1.000000e+00 2.000000e+00 9.999997e-01 1.000000e+00 -1.831753e+00 9.583182e-01
1.000000e+00 -2.000000e+00 1.000000e+00 1.000000e+00 -1.862277e+00 9.626915e-01
1.415032e-02
1.000000e+00 2.000000e+00 9.999997e-01 1.000000e+00 1.414961e-01 8.322749e-01
1.000000e+00 -2.000000e+00 1.000000e+00 1.000000e+00 -1.963557e-01 8.327025e-01
1.785500e-02
1.000000e+00 -2.000000e+00 1.000000e+00 1.000000e+00 1.659577e-01 8.084948e-01
1.000000e+00 2.000000e+00 9.999997e-01 1.000000e+00 5.401055e-01 8.156620e-01
2.517606e-02
1.000000e+00 -2.000000e+00 1.000000e+00 1.000000e+00 7.553471e-01 7.612362e-01
1.000000e+00 2.000000e+00 9.999997e-01 1.000000e+00 1.154765e+00 7.939698e-01
2.824781e-02
1.000000e+00 -2.000000e+00 1.000000e+00 1.000000e+00 9.520854e-01 7.399303e-01
1.000000e+00 2.000000e+00 9.999997e-01 1.000000e+00 1.349033e+00 7.899214e-01
3.145326e-02
1.000000e+00 -2.000000e+00 1.000000e+00 1.000000e+00 1.124670e+00 7.151349e-01
1.000000e+00 2.000000e+00 9.999997e-01 1.000000e+00 1.515845e+00 7.904018e-01
1.197907e-04
1.000000e+00 2.000000e+00 9.999997e-01 1.000000e+00 -1.962087e+00 9.825848e-01
1.000000e+00 -2.000000e+00 1.000000e+00 1.000000e+00 -1.968876e+00 9.854361e-01
7.779411e-04
1.000000e+00 2.000000e+00 9.999997e-01 1.000000e+00 -1.831753e+00 9.583182e-01
1.000000e+00 -2.000000e+00 1.000000e+00 1.000000e+00 -1.862277e+00 9.626915e-01
1.415032e-02
1.000000e+00 2.000000e+00 9.999997e-01 1.000000e+00 1.414961e-01 8.322749e-01
1.000000e+00 -2.000000e+00 1.000000e+00 1.000000e+00 -1.963557e-01 8.327025e-01
1.785500e-02
1.000000e+00 -2.000000e+00 1.000000e+00 1.000000e+00 1.659577e-01 8.084948e-01
1.000000e+00 2.000000e+00 9.999997e-01 1.000000e+00 5.401055e-01 8.156620e-01
2.517606e-02
1.000000e+00 -2.000000e+00 1.000000e+00 1.000000e+00 7.553471e-01 7.612362e-01
1.000000e+00 2.000000e+00 9.999997e-01 1.000000e+00 1.154765e+00 7.939698e-01
2.824781e-02
1.000000e+00 -2.000000e+00 1.000000e+00 1.000000e+00 9.520854e-01 7.399303e-01
1.000000e+00 2.000000e+00 9.999997e-01 1.000000e+00 1.349033e+00 7.899214e-01
3.145326e-02
1.000000e+00 -2.000000e+00 1.000000e+00 1.000000e+00 1.124670e+00 7.151349e-01
1.000000e+00 2.000000e+00 9.999997e-01 1.000000e+00 1.515845e+00 7.904018e-01
1.197907e-04
1.000000e+00 2.000000e+00 9.999997e-01 1.000000e+00 -1.962087e+00 9.825848e-01
1.000000e+00 -2.000000e+00 1.000000e+00 1.000000e+00 -1.968876e+00 9.854361e-01
7.779411e-04
1.000000e+00 2.000000e+00 9.999997e-01 1.000000e+00 -1.831753e+00 9.583182e-01
1.000000e+00 -2.000000e+00 1.000000e+00 1.000000e+00 -1.862277e+00 9.626915e-01
1.415032e-02
1.000000e+00 2.000000e+00 9.999997e-01 1.000000e+00 1.414961e-01 8.322749e-01
1.000000e+00 -2.000000e+00 1.000000e+00 1.000000e+00 -1.963557e-01 8.327025e-01
1.785500e-02
1.000000e+00 -2.000000e+00 1.000000e+00 1.000000e+00 1.659577e-01 8.084948e-01
1.000000e+00 2.000000e+00 9.999997e-01 1.000000e+00 5.401055e-01 8.156620e-01
2.517606e-02
1.000000e+00 -2.000000e+00 1.000000e+00 1.000000e+00 7.553471e-01 7.612362e-01
1.000000e+00 2.000000e+00 9.999997e-01 1.000000e+00 1.154765e+00 7.939698e-01
2.824781e-02
1.000000e+00 -2.000000e+00 1.000000e+00 1.000000e+00 9.520854e-01 7.399303e-01
1.000000e+00 2.000000e+00 9.999997e-01 1.000000e+00 1.349033e+00 7.899214e-01
3.145326e-02
1.000000e+00 -2.000000e+00 1.000000e+00 1.000000e+00 1.124670e+00 7.151349e-01
1.000000e+00 2.000000e+00 9.999997e-01 1.000000e+00 1.515845e+00 7.904018e-01
1.197907e-04
1.000000e+00 2.000000e+00 9.999997e-01 1.000000e+00 -1.962087e+00 9.825848e-01
1.000000e+00 -2.000000e+00 1.000000e+00 1.000000e+00 -1.968876e+00 9.854361e-01
7.779411e-04
1.000000e+00 2.000000e+00 9.999997e-01 1.000000e+00 -1.831753e+00 9.583182e-01
1.000000e+00 -2.000000e+00 1.000000e+00 1.000000e+00 -1.862277e+00 9.626915e-01
1.415032e-02
1.000000e+00 2.000000e+00 9.999997e-01 1.000000e+00 1.414961e-01 8.322749e-01
1.000000e+00 -2.000000e+00 1.000000e+00 1.000000e+00 -1.963557e-01 8.327025e-01
1.785500e-02
1.000000e+00 -2.000000e+00 1.000000e+00 1.000000e+00 1.659577e-01 8.084948e-01
1.000000e+00 2.000000e+00 9.999997e-01 1.000000e+00 5.401055e-01 8.156620e-01
2.517606e-02
1.000000e+00 -2.000000e+00 1.000000e+00 1.000000e+00 7.553471e-01 7.612362e-01
1.000000e+00 2.000000e+00 9.999997e-01 1.000000e+00 1.154765e+00 7.939698e-01
2.824781e-02
1.000000e+00 -2.000000e+00 1.000000e+00 1.000000e+00 9.520854e-01 7.399303e-01
1.000000e+00 2.000000e+00 9.999997e-01 1.000000e+00 1.349033e+00 7.899214e-01
3.145326e-02
1.000000e+00 -2.000000e+00 1.000000e+00 1.000000e+00 1.124670e+00 7.151349e-01
1.000000e+00 2.000000e+00 9.999997e-01 1.000000e+00 1.515845e+00 7.904018e-01
1.197907e-04
1.000000e+00 2.000000e+00 9.999997e-01 1.000000e+00 -1.962087e+00 9.825848e-01
1.000000e+00 -2.000000e+00 1.000000e+00 1.000000e+00 -1.968876e+00 9.854361e-01
7.779411e-04
1.000000e+00 2.000000e+00 9.999997e-01 1.000000e+00 -1.831753e+00 9.583182e-01
1.000000e+00 -2.000000e+00 1.000000e+00 1.000000e+00 -1.862277e+00 9.626915e-01
1.415032e-02
1.000000e+00 2.000000e+00 9.999997e-01 1.000000e+00 1.414961e-01 8.322749e-01
1.000000e+00 -2.000000e+00 1.000000e+00 1.000000e+00 -1.963557e-01 8.327025e-01
1.785500e-02
1.000000e+00 -2.000000e+00 1.000000e+00 1.000000e+00 1.659577e-01 8.084948e-01
1.000000e+00 2.000000e+00 9.999997e-01 1.000000e+00 5.401055e-01 8.156620e-01
2.517606e-02
1.000000e+00 -2.000000e+00 1.000000e+00 1.000000e+00 7.553471e-01 7.612362e-01
1.000000e+00 2.000000e+00 9.999997e-01 1.000000e+00 1.154765e+00 7.939698e-01
2.824781e-02
1.000000e+00 -2.000000e+00 1.000000e+00 1.000000e+00 9.520854e-01 7.399303e-01
1.000000e+00 2.000000e+00 9.999997e-01 1.000000e+00 1.349033e+00 7.899214e-01
3.145326e-02
1.000000e+00 -2.000000e+00 1.000000e+00 1.000000e+00 1.124670e+00 7.151349e-01
1.000000e+00 2.000000e+00 9.999997e-01 1.000000e+00 1.515845e+00 7.904018e-01
1.616452e-05
1.000000e+00 2.000000e+00 9.999997e-01 1.000000e+00 -1.970870e+00 9.733939e-01
1.000000e+00 -2.000000e+00 1.000000e+00 1.000000e+00 -2.013306e+00 1.015805e+00
1.101340e-04
1.000000e+00 2.000000e+00 9.999997e-01 1.000000e+00 -1.968947e+00 9.851466e-01
1.000000e+00 -2.000000e+00 1.000000e+00 1.000000e+00 -1.974635e+00 9.868454e-01
1.933591e-03
1.000000e+00 2.000000e+00 9.999997e-01 1.000000e+00 -1.622646e+00 9.346536e-01
1.000000e+00 -2.000000e+00 1.000000e+00 1.000000e+00 -1.692574e+00 9.410388e-01
2.472735e-03
1.000000e+00 2.000000e+00 9.999997e-01 1.000000e+00 -1.528841e+00 9.262438e-01
1.000000e+00 -2.000000e+00 1.000000e+00 1.000000e+00 -1.616117e+00 9.332066e-01
3.566587e-03
1.000000e+00 2.000000e+00 9.999997e-01 1.000000e+00 -1.344025e+00 9.117649e-01
1.000000e+00 -2.000000e+00 1.000000e+00 1.000000e+00 -1.464692e+00 9.194961e-01
4.035773e-03
1.000000e+00 2.000000e+00 9.999997e-01 1.000000e+00 -1.266786e+00 9.063119e-01
1.000000e+00 -2.000000e+00 1.000000e+00 1.000000e+00 -1.401085e+00 9.142184e-01
4.531140e-03
1.000000e+00 2.000000e+00 9.999997e-01 1.000000e+00 -1.186478e+00 9.009157e-01
1.000000e+00 -2.000000e+00 1.000000e+00 1.000000e+00 -1.334720e+00 9.089479e-01
