0.000000
0.000000
0.000000
0.000000
0.000000
0.000000
0.000000
0.000000
0.000000
0.000000
0.000000
0.000000
0.000000
0.000000
0.000000
0.000000
0.000000
0.000000
0.000000
0.000000
0.000000
0.000000
0.000000
0.000000
0.000000
0.000000
0.000000
0.000000
0.000000
0.000000
0.000000
0.000000
0.000000
0.000000
0.000000
0.000000
0.000000
0.000000
0.000000
0.000000
0.000000
0.000000
0.000000
0.000000
0.000000
0.000000
0.000000
0.000000
0.000000
0.000000
0.000000
0.000000
0.000000
0.000000
0.000000
0.000000
0.000000
0.000000
0.000000
0.000000
0.000000
0.000000
0.000000
0.000000
0.000000
0.000000
0.000000
0.000000
0.000000
0.000000
0.000000
0.000000
0.000000
0.000000
0.000000
0.000000
0.000000
0.000000
0.000000
0.000000
0.000000
0.000000
0.000000
0.000000
0.000000
0.000000
0.000000
0.000000
0.000000
0.000000
0.000000
0.000000
0.000000
0.000000
0.000000
0.000000
0.000000
0.000000
0.000000
0.000000
0.000000
0.000000
0.000000
0.000000
0.000000
0.000000
0.000000
0.000000
0.000000
0.000000
0.000000
0.000000
0.000000
0.000000
0.000000
0.000000
0.000000
0.000000
0.000000
0.000000
0.000000
0.000000
0.000000
0.000000
0.000000
0.000000
0.000000
0.000000
0.000000
0.000000
0.000000
0.000000
0.000000
0.000000
0.000000
0.000000
-0.000000
0.000000
-0.000001
0.000001
-0.000002
0.000002
-0.000004
0.000007
-0.000037
-0.000013
0.000017
0.000022
0.000009
-0.000005
0.000003
-0.000002
0.000001
-0.000001
0.000000
0.000000
-0.000000
-0.000028
-0.000006
-0.000027
-0.000001
0.000004
0.000029
-0.000074
0.000020
-0.000074
0.000032
0.000001
0.000007
-0.000028
-0.000006
-0.000015
-0.000019
-0.000005
-0.000029
0.000008
-0.000002
-0.000012
-0.000045
-0.000005
-0.000001
-0.000030
-0.000000
-0.000031
-0.000000
-0.000035
0.000012
-0.000019
-0.000017
-0.000010
-0.000022
-0.000020
-0.000014
0.000008
-0.000042
-0.000082
-0.000067
-0.000001
-0.000028
-0.000002
0.000040
0.000035
-0.000028
-0.000064
-0.000043
0.000003
0.000002
-0.000043
-0.000262
-0.000248
-0.000248
-0.000180
-0.000031
0.000112
0.000262
0.000319
0.000247
0.000105
-0.000053
-0.000027
0.000055
0.000146
0.000189
-0.000201
-0.000389
-0.000025
-0.000075
0.000005
0.000492
0.000746
0.000223
-0.000128
0.000023
0.000171
0.000008
-0.000512
-0.000614
0.000104
0.000431
0.000498
-0.001035
-0.004031
-0.004526
-0.003082
0.005409
0.012683
0.019198
0.019439
0.006329
-0.001824
-0.014146
-0.021660
-0.001065
0.025324
0.029530
0.016356
0.015813
0.000341
-0.017908
-0.048726
-0.051663
0.003198
0.065929
0.087786
0.089451
0.051344
0.008568
-0.079834
-0.063360
-0.014897
0.016830
0.021324
0.045395
0.023279
-0.011736
-0.032594
-0.018387
-0.009939
-0.022740
-0.039306
-0.045143
-0.078214
-0.043709
-0.000201
0.034105
0.060993
0.038260
-0.058798
-0.097271
-0.064288
-0.030101
0.003933
-0.023835
-0.025663
-0.031790
0.030847
0.023864
-0.082807
-0.116303
-0.050721
0.026351
0.076232
0.067162
0.055075
0.016967
0.053103
0.093866
-0.029481
-0.221611
-0.281313
-0.238966
-0.218416
-0.152275
-0.063000
0.090424
0.133552
0.019271
-0.021968
0.062484
0.200143
0.334198
0.304206
0.188142
0.152092
0.113476
-0.001913
-0.016082
-0.124373
-0.285592
-0.324349
-0.209847
-0.166289
-0.169754
-0.190598
-0.077706
0.028334
0.181351
0.253163
0.229595
0.151021
0.123175
0.141708
0.193272
0.264578
0.189461
0.157507
0.075775
0.008457
-0.144664
-0.299060
-0.317474
-0.345784
-0.353609
-0.305665
-0.225994
-0.120101
-0.122744
-0.057744
0.044092
0.222807
0.336293
0.359613
0.331924
0.387919
0.362416
0.278810
0.261031
0.185911
0.003792
-0.307748
-0.548530
-0.748491
-0.697421
-0.497606
-0.293624
-0.066456
0.073521
0.145603
0.279141
0.338571
0.400280
0.486447
0.468214
0.284113
0.166566
0.178916
0.207733
0.085777
-0.104020
-0.354095
-0.490057
-0.622388
-0.648420
-0.517176
-0.228633
0.035332
0.238525
0.291231
0.219019
0.173980
0.179083
0.222644
0.209876
0.235479
0.235924
0.239669
0.198310
0.010438
-0.119143
-0.223179
-0.288627
-0.271410
-0.308088
-0.256161
-0.186551
-0.089833
-0.022126
0.072226
0.113245
0.122121
0.104861
0.115725
0.158286
0.183763
0.236655
0.215225
0.123582
0.033531
-0.043144
-0.054277
-0.151825
-0.210532
-0.177597
-0.097356
-0.068135
-0.029251
-0.005167
0.086276
0.190006
0.175754
0.108493
0.012988
0.016660
0.018720
-0.089272
-0.202650
-0.149097
-0.017085
0.057798
0.088436
0.002467
-0.159662
-0.189995
-0.040145
0.009710
-0.006252
0.121503
0.186111
0.237970
0.230918
0.251427
0.147674
0.050283
-0.076645
-0.198046
-0.242615
-0.170261
-0.018651
0.119165
0.152699
0.114979
-0.064988
-0.209608
-0.234841
-0.240836
-0.110080
0.014389
0.066640
0.080551
0.068746
0.106861
0.118959
0.060762
0.027451
0.041544
0.024179
0.007045
-0.005305
0.076593
-0.021768
-0.076090
-0.211889
-0.314082
-0.226446
-0.169906
-0.132951
-0.135455
-0.049905
0.065328
0.159662
0.072314
0.061448
0.091288
0.209256
0.219525
0.254051
0.207596
0.102874
0.067077
0.017585
0.043528
0.019556
-0.144203
-0.305460
-0.374159
-0.393678
-0.358028
-0.254266
-0.129556
0.027208
0.090036
0.191004
0.291627
0.296658
0.254151
0.224987
0.306283
0.242733
0.124954
0.056501
-0.005309
-0.178282
-0.350849
-0.408806
-0.352827
-0.266286
-0.222062
-0.210616
-0.072540
0.113111
0.217227
0.238635
0.208810
0.171547
0.196074
0.186791
0.151169
0.179340
0.232683
0.142122
0.047089
-0.114529
-0.257134
-0.280254
-0.322062
-0.285876
-0.180092
-0.146888
-0.096615
-0.023535
0.090308
0.122420
0.164158
0.270755
0.280256
0.213213
0.140983
0.085485
0.116435
0.147111
0.177093
-0.000462
-0.202531
-0.227226
-0.185318
-0.167749
-0.215443
-0.156337
-0.109867
-0.097419
-0.044528
-0.069739
-0.030309
0.056012
0.172626
0.175731
0.187005
0.188127
0.175004
0.121433
0.065589
-0.029227
-0.024616
0.014448
-0.064642
-0.172099
-0.266503
-0.211484
-0.077063
0.056445
0.099856
0.114565
0.145280
0.089559
0.016251
-0.059268
-0.022945
0.046619
0.084894
0.152772
0.173750
0.078142
-0.089320
-0.213312
-0.264075
-0.304437
-0.274668
-0.223557
-0.038272
0.128806
0.212524
0.226126
0.187908
0.115403
0.032312
-0.022026
-0.028454
0.037475
0.136948
0.187247
0.157031
-0.079544
-0.353182
-0.467052
-0.410034
-0.189451
-0.028449
0.071903
0.112162
0.148063
0.191213
0.290907
0.295963
0.329770
0.332456
0.210002
0.099013
0.039140
-0.074956
-0.244767
-0.349529
-0.392338
-0.450895
-0.415435
-0.392942
-0.282725
-0.154952
0.101113
0.277494
0.320597
0.354649
0.379727
0.344271
0.215194
0.148002
0.088212
-0.028344
-0.138211
-0.179337
-0.161020
-0.123003
-0.050865
-0.062208
-0.136176
-0.191845
-0.205021
-0.158909
-0.027622
0.145456
0.199517
0.248215
0.214783
0.154914
0.079267
0.002044
-0.015249
-0.033556
-0.064098
-0.111093
-0.149742
-0.137384
-0.078105
0.019946
-0.035030
-0.139973
-0.064324
0.111324
0.165606
0.179521
0.246836
0.341797
0.257045
0.070259
-0.130486
-0.201340
-0.188020
-0.136640
-0.141599
-0.110525
-0.131234
-0.116162
-0.079708
-0.042428
-0.018449
-0.001738
0.037814
-0.016441
-0.001397
0.085530
0.148608
0.210440
0.178985
0.074957
0.014725
-0.074770
-0.146957
-0.164806
-0.145339
-0.032084
0.013044
0.023901
0.005726
0.081174
0.139951
0.053200
-0.017356
-0.008485
0.064799
0.059946
0.020897
-0.007010
0.020653
0.113731
0.115675
0.006331
-0.188907
-0.285472
-0.282513
-0.213298
-0.034687
0.057001
0.239015
0.249017
0.174001
0.076533
0.034874
0.039442
-0.058625
-0.127200
-0.154177
-0.088203
0.027214
0.016868
0.025204
-0.026876
-0.022036
0.037019
0.086519
0.132891
0.077472
0.067022
0.020854
-0.016906
-0.077868
-0.140218
-0.253789
-0.300464
-0.210658
-0.093612
-0.001399
0.093321
0.057952
0.008826
0.158667
0.254656
0.284003
0.231331
0.127895
0.017474
-0.153258
-0.296326
-0.275969
-0.102132
-0.116694
-0.147856
-0.235632
-0.224358
-0.059561
-0.010557
-0.048600
-0.030449
0.100100
0.286161
0.374441
0.333221
0.244839
0.199100
0.168003
0.125886
0.071166
0.045527
-0.020857
-0.166624
-0.234760
-0.208284
-0.263789
-0.307224
-0.346722
-0.267898
-0.082997
0.121709
0.282233
0.419155
0.464385
0.395636
0.261226
0.198220
0.145635
0.151797
0.141325
0.052698
-0.036893
-0.171425
-0.318379
-0.553550
-0.649917
-0.499009
-0.320751
-0.191533
-0.091624
0.029662
0.144146
0.165432
0.186576
0.212120
0.231395
0.205637
0.143997
0.021751
-0.110917
-0.107348
-0.093734
-0.100026
-0.108227
-0.130098
-0.093289
-0.096712
-0.060699
-0.027526
0.031523
0.153104
0.160287
0.117079
0.114598
0.191621
0.174185
0.094227
0.007653
-0.032026
0.007581
0.022228
0.025021
0.009094
0.050267
0.068226
0.009525
-0.075069
-0.099949
-0.061874
0.054283
0.109182
0.072231
0.062852
0.070893
0.076673
-0.037394
-0.053324
0.063070
0.188459
0.159716
-0.008674
-0.127185
-0.200689
-0.246909
-0.219559
-0.130420
-0.001980
0.047083
0.109483
0.050853
-0.054499
-0.069434
0.030254
0.070216
0.106994
0.114816
0.032634
0.076602
0.068106
0.025075
-0.078399
-0.205005
-0.227582
-0.181680
-0.091233
0.007184
0.039664
0.058714
0.014321
0.030562
0.027896
0.090157
0.091892
-0.009284
-0.020923
0.030052
0.127040
0.142722
0.025661
-0.140082
-0.221577
-0.074986
0.040020
-0.011615
-0.089408
-0.045813
0.008948
0.002208
-0.022579
0.047898
0.094467
0.057156
-0.033639
-0.112531
-0.122233
-0.051304
0.104421
0.075953
-0.028324
-0.193309
-0.227891
-0.223104
-0.151695
-0.094204
-0.027090
0.051950
0.122022
0.178801
0.191358
0.177142
0.137060
0.078021
0.084766
0.072692
0.097316
0.087287
0.080543
0.083982
0.030678
-0.108230
-0.277359
-0.256340
-0.283739
-0.223974
-0.071672
0.085339
0.154668
0.088040
-0.048488
-0.121472
-0.098267
-0.023419
0.089750
0.126371
0.144300
0.149846
0.169283
0.165039
-0.068574
-0.209772
-0.279049
-0.228961
-0.175683
-0.045984
0.085382
0.157456
0.115620
0.030919
0.019610
0.074650
0.111770
0.147498
0.167808
0.278767
0.354209
0.251771
0.131889
-0.136132
-0.386898
-0.381688
-0.240902
-0.054768
0.016828
0.042179
-0.009295
-0.107073
-0.112552
-0.027696
0.026309
0.104061
0.114888
0.147887
0.161843
0.160963
0.124959
0.049809
-0.081921
-0.214275
-0.184344
-0.199441
-0.153848
-0.132113
-0.061325
0.028299
0.131306
0.093174
0.030441
0.051541
0.207568
0.305890
0.280903
0.209287
0.102615
-0.021074
-0.104029
-0.054029
-0.113974
-0.162073
-0.198053
-0.218399
-0.241165
-0.209611
-0.126072
0.004506
0.036689
0.087217
0.122754
0.125348
0.084623
0.049075
-0.026273
-0.004880
0.086566
0.091953
0.003739
-0.044820
-0.184337
-0.266703
-0.285035
-0.183872
-0.044396
0.071823
0.143749
0.167893
0.139007
0.068697
0.023811
0.016683
-0.018643
-0.059310
-0.026512
0.052478
0.176702
0.220260
0.168236
0.047042
-0.100339
-0.094185
-0.035781
-0.046013
-0.090482
-0.054514
-0.000497
-0.024996
-0.050994
-0.121044
-0.125653
0.048905
0.210904
0.210334
0.206292
0.183679
0.241192
0.252934
0.204878
0.045040
-0.055774
-0.100623
-0.199005
-0.336427
-0.306620
-0.261921
-0.185197
-0.166185
-0.193313
-0.122572
-0.027377
0.088643
0.167924
0.201696
0.201530
0.223533
0.291825
0.278735
0.294561
0.152594
-0.085845
-0.262247
-0.319230
-0.366430
-0.362731
-0.289487
-0.194477
-0.070628
-0.031082
0.020343
0.025469
0.051504
0.085844
0.168507
0.286918
0.335710
0.405866
0.287675
0.155780
-0.095874
-0.128505
-0.185921
-0.301115
-0.311350
-0.207032
-0.052400
0.010149
0.003413
0.018421
0.054420
0.060167
0.133119
0.105617
0.099097
0.224116
0.344075
0.321174
0.179404
-0.102095
-0.304661
-0.355432
-0.233371
-0.202623
-0.175870
-0.155729
-0.057347
0.010768
-0.000287
0.033786
0.037482
-0.002167
-0.077754
-0.103768
-0.015755
0.171953
0.225691
0.165291
0.176040
0.119530
-0.073384
-0.137790
-0.098576
0.004716
-0.058381
-0.094156
-0.078527
-0.012476
0.006203
0.065303
0.007402
-0.056076
0.007017
-0.020329
-0.142200
-0.157934
-0.047550
0.121940
0.242654
0.125498
0.030489
0.022716
0.024225
-0.063598
-0.082406
-0.039917
0.065120
0.112283
0.082814
-0.000991
-0.079884
-0.159977
-0.083094
-0.083691
-0.024716
0.030362
0.150237
0.186208
0.266470
0.237030
0.184929
0.137949
0.083466
0.032228
0.010064
0.081477
0.088574
-0.039337
-0.217688
-0.378923
-0.381912
-0.428200
-0.328642
-0.144832
0.052486
0.203534
0.263446
0.321522
0.259475
0.157520
0.135101
0.136279
0.127879
0.038232
-0.128290
-0.261057
-0.241634
-0.256796
-0.250476
-0.190351
-0.121032
-0.014861
0.025742
0.099757
0.268849
0.365343
0.372842
0.347399
0.269779
0.075145
-0.109665
-0.207034
-0.319607
-0.329016
-0.330084
-0.333636
-0.276077
-0.198118
-0.052530
0.092875
0.203125
0.215813
0.279350
0.342304
0.374567
0.381497
0.323186
0.131024
-0.130557
-0.488475
-0.615414
-0.610151
-0.462310
-0.265967
-0.135603
-0.047918
0.043724
0.177019
0.223500
0.242065
0.385216
0.451313
0.474923
0.315160
0.211579
0.112263
0.033963
-0.162040
-0.278851
-0.408123
-0.435527
-0.428735
-0.408350
-0.268645
-0.000074
0.185717
0.298369
0.399946
0.400239
0.409139
0.324788
0.181091
0.027883
-0.122341
-0.206971
-0.364763
-0.415574
-0.255917
-0.117011
-0.064660
-0.153180
-0.025083
0.111867
0.156366
0.149024
0.283759
0.341437
0.280035
0.178918
0.036714
-0.087775
-0.189885
-0.239559
-0.307518
-0.383011
-0.264303
-0.105348
0.024902
0.076244
0.131422
0.136590
0.171456
0.169559
0.160705
0.116364
0.110721
0.145579
0.049990
-0.092022
-0.127049
-0.195814
-0.204247
-0.134878
-0.070347
0.032609
0.106197
0.168452
0.141757
0.073512
-0.113286
-0.229008
-0.199681
-0.148640
-0.066407
0.009432
0.021521
0.004276
-0.039843
-0.057763
-0.006632
-0.030396
0.027658
0.142923
0.199803
0.251082
0.168750
0.100845
0.070844
0.079750
-0.024299
-0.103567
-0.161066
-0.197299
-0.242398
-0.254332
-0.291744
-0.156661
-0.124293
-0.125486
-0.040890
0.077748
0.182467
0.192412
0.203805
0.232256
0.269580
0.184641
0.094472
-0.066563
-0.169754
-0.206252
-0.225190
-0.372525
-0.426859
-0.369976
-0.287402
-0.146862
-0.010598
0.162473
0.223299
0.275511
0.303617
0.380929
0.468382
0.496398
0.475505
0.342515
-0.011803
-0.288518
-0.460191
-0.527091
-0.498254
-0.432538
-0.311957
-0.094409
0.074148
0.046762
0.017848
0.107367
0.209401
0.267665
0.343225
0.407262
0.405431
0.366732
0.240062
-0.012528
-0.376303
-0.442636
-0.429396
-0.430768
-0.404429
-0.250075
-0.053463
0.052410
0.100005
0.133444
0.155426
0.176761
0.225868
0.374692
0.451993
0.405091
0.274421
0.057794
-0.180172
-0.394103
-0.494308
-0.508449
-0.454360
-0.328133
-0.190060
-0.144681
-0.106259
-0.029357
0.068437
0.194156
0.290702
0.330485
0.357952
0.347784
0.399143
0.376851
0.272055
0.167569
-0.059238
-0.261041
-0.356130
-0.376271
-0.373636
-0.272209
-0.196225
-0.045291
0.050982
0.113112
0.233293
0.275778
0.301264
0.388070
0.360306
0.310114
0.247594
0.146411
0.082483
-0.005925
-0.233879
-0.357833
-0.437927
-0.485854
-0.466131
-0.307794
-0.117339
-0.006288
-0.017144
0.037295
0.029724
0.069382
0.154552
0.217642
0.221135
0.296915
0.356302
0.290203
0.052864
-0.251445
-0.346405
-0.297409
-0.292032
-0.257051
-0.144310
-0.067867
0.022743
0.085145
0.179290
0.220582
0.232908
0.241751
0.245539
0.208611
0.218898
0.182983
0.039415
-0.099040
-0.217962
-0.272644
-0.185944
-0.139712
-0.084907
-0.057994
0.010360
0.005629
-0.006865
0.063302
0.174791
0.251070
0.125063
-0.051149
-0.185741
-0.194126
-0.165292
-0.102385
-0.007928
-0.027312
-0.075634
-0.045738
-0.026853
-0.003933
-0.099116
-0.056179
0.047124
0.072594
0.094976
0.104368
0.129077
0.114824
0.082355
-0.001134
-0.050168
-0.046668
0.026876
0.082286
-0.014967
-0.183340
-0.217512
-0.178794
-0.100485
-0.074019
0.031118
0.205204
0.351812
0.307521
0.234849
0.153361
0.083164
-0.006605
-0.151620
-0.164691
-0.086462
0.022268
-0.025602
-0.098551
-0.247452
-0.428693
-0.360841
-0.201223
-0.075837
0.069363
0.291855
0.368514
0.394050
0.333117
0.306785
0.197112
0.019910
-0.136028
-0.278649
-0.381791
-0.360260
-0.289346
-0.248356
-0.156397
-0.088193
-0.087167
0.047278
0.088625
0.138152
0.242904
0.336113
0.412566
0.327825
0.196160
0.041840
-0.003912
-0.079269
-0.126972
-0.240372
-0.267859
-0.227443
-0.174632
-0.097357
-0.056612
-0.026615
-0.058863
-0.079028
-0.096873
0.006980
0.122403
0.279545
0.360576
0.264664
0.151974
0.107962
-0.026126
-0.153059
-0.198956
-0.116327
-0.130405
-0.105440
-0.037101
-0.019695
-0.078160
-0.150382
-0.213637
-0.128034
-0.004159
0.038398
0.075775
0.157554
0.267592
0.222026
0.078268
0.005255
-0.026403
-0.000246
0.014854
-0.012530
0.010113
0.072225
0.219414
0.185274
0.065409
-0.081181
-0.076202
-0.051264
-0.141685
-0.239425
-0.286012
-0.269717
-0.202900
-0.121994
-0.017403
0.120966
0.179292
0.168085
0.127598
0.094820
0.143726
0.190933
0.193652
0.130072
0.068646
-0.069395
-0.269054
-0.423299
-0.415743
-0.279931
-0.229842
-0.166044
-0.068191
-0.024024
0.043196
0.065400
0.102973
0.177529
0.278988
0.241192
0.190686
0.204399
0.273034
0.306682
0.093172
-0.240883
-0.438026
-0.477675
-0.414402
-0.282541
-0.173197
0.020767
0.113765
0.145493
0.045208
0.063997
0.147842
0.274157
0.312700
0.287207
0.256277
0.189181
0.105967
0.009029
-0.183505
-0.275774
-0.267591
-0.243313
-0.187908
-0.117992
0.065777
0.155798
0.190314
0.171784
0.137183
0.188429
0.177635
0.118856
0.046358
-0.060252
-0.136445
-0.299871
-0.352897
-0.334094
-0.233805
-0.106006
-0.157332
-0.105505
0.012587
0.126824
0.170166
0.208680
0.327654
0.490264
0.475001
0.250715
0.014060
-0.141001
-0.200458
-0.226447
-0.219039
-0.260752
-0.255295
-0.203200
-0.104474
-0.081825
-0.052063
-0.015852
0.076103
0.209330
0.292188
0.403855
0.479460
0.347373
0.152738
-0.013198
-0.104092
-0.211376
-0.290718
-0.221914
-0.204283
-0.108474
0.054505
-0.065871
-0.200770
-0.212621
-0.104164
-0.096507
-0.057879
0.027740
0.049775
0.096734
0.129399
0.051667
-0.025589
0.004189
-0.052255
-0.077586
-0.133945
-0.048289
-0.078300
-0.046634
-0.082406
0.018093
0.065709
0.089158
0.098085
0.101018
0.127011
0.105416
0.100175
0.095009
0.120539
0.076574
0.036067
-0.010134
0.015780
0.024450
-0.017128
-0.006154
0.019744
0.004431
0.023807
0.047413
0.077098
0.062023
0.019854
0.038071
-0.016465
-0.073133
-0.109290
-0.131276
-0.155446
-0.158577
-0.117919
0.006624
0.004180
0.008153
0.062776
0.077810
0.040897
0.061203
0.075045
-0.011192
-0.056467
-0.037819
-0.031899
0.039625
0.105099
0.161034
0.090211
0.088191
0.066854
-0.048417
-0.096889
-0.043720
0.050695
0.071088
-0.031017
-0.139086
-0.154938
-0.069734
-0.024529
-0.072901
-0.005456
0.131568
0.128243
0.097070
0.099867
0.127108
0.081698
0.042314
-0.033828
-0.025422
0.018298
0.075537
0.071800
0.012550
0.016814
0.019504
-0.149736
-0.254979
-0.279202
-0.220973
-0.138633
-0.122541
-0.126874
-0.170119
0.002674
0.236077
0.319982
0.360435
0.450176
0.364018
0.306254
0.210466
0.105535
-0.079419
-0.364645
-0.445633
-0.352662
-0.430481
-0.505385
-0.516733
-0.404663
-0.188852
-0.047249
0.021278
0.101345
0.283784
0.394433
0.501109
0.543776
0.460227
0.331716
0.096688
-0.106378
-0.251601
-0.309645
-0.355665
-0.323736
-0.299376
-0.289288
-0.186614
-0.158648
-0.102266
0.098424
0.318321
0.494731
0.611410
0.550481
0.444028
0.356047
0.250460
0.064257
-0.042329
-0.232693
-0.452487
-0.537232
-0.534045
-0.400631
-0.297680
-0.218298
-0.130264
-0.000468
0.122336
0.189671
0.298739
0.386798
0.404557
0.390758
0.251126
0.160734
0.130322
0.017908
-0.122471
-0.366081
-0.484671
-0.475183
-0.440766
-0.312325
-0.250916
-0.115823
0.075470
0.222543
0.255118
0.215771
0.256657
0.222615
0.283134
0.249383
0.245301
0.120333
0.008097
-0.204170
-0.359269
-0.465703
-0.439811
-0.392542
-0.229516
-0.173004
-0.039899
0.134615
0.184838
0.202002
0.191986
0.253474
0.237738
0.183786
0.132297
0.162613
0.203641
0.170323
0.153449
0.112242
-0.033132
-0.207016
-0.260412
-0.174334
-0.114003
-0.096213
-0.102208
-0.115376
-0.087485
0.029297
0.094113
0.126860
0.135318
0.140254
0.129991
0.092527
0.124665
0.216504
0.196256
0.087566
-0.105963
-0.236085
-0.268910
-0.224410
-0.202740
-0.135134
-0.000495
0.045178
0.002695
-0.101064
-0.211836
-0.210870
-0.121693
0.014640
0.057441
0.035717
0.111798
0.207030
0.276308
0.228311
0.068673
0.010440
0.007467
0.141270
0.172582
0.244576
0.126574
-0.008774
-0.159757
-0.187093
-0.136490
-0.100479
-0.047733
-0.070369
0.003791
0.071425
0.073304
0.032613
-0.015220
-0.103849
-0.020279
0.087671
0.049915
-0.077561
-0.149283
-0.112335
-0.114001
-0.090442
-0.056805
0.072743
0.135395
0.221296
0.180317
0.118343
0.127641
0.056608
-0.092571
-0.239572
-0.308339
-0.398258
-0.298895
-0.212268
-0.058328
0.008704
0.093982
0.252400
0.279700
0.292817
0.294751
0.234217
0.198761
0.139191
-0.074207
-0.253431
-0.379803
-0.372441
-0.315158
-0.253534
-0.203095
-0.093402
-0.006057
-0.064128
0.065069
0.197686
0.310100
0.311433
0.310017
0.307193
0.157114
0.069739
-0.080804
-0.188024
-0.241799
-0.223702
-0.121796
-0.051084
0.044178
0.105491
0.086594
0.058945
0.062592
0.033154
-0.021045
0.050188
0.025622
0.030995
0.006428
0.042519
0.103296
0.079058
-0.037670
-0.127530
-0.093555
-0.081013
-0.097899
-0.189994
-0.175735
-0.076479
-0.127599
-0.143122
-0.070239
0.047256
0.097829
0.108135
0.140850
0.098910
-0.009932
-0.047151
-0.114532
-0.123879
-0.143712
-0.208706
-0.114267
-0.057287
-0.053242
0.052279
0.126040
0.056023
0.018555
0.034623
0.074718
0.104916
0.109462
0.157264
0.207672
0.203978
0.102444
0.041107
-0.105197
-0.114536
-0.066580
-0.049370
0.017887
0.083023
0.048982
-0.075399
-0.195253
-0.177909
-0.071500
0.020369
0.033705
0.181798
0.261501
0.293446
0.230430
0.164488
0.044752
-0.086088
-0.111926
-0.129341
-0.116779
-0.058669
0.020135
0.038684
-0.031460
-0.092159
-0.347750
-0.343073
-0.170124
-0.038969
0.040990
0.150418
0.258491
0.180131
0.069493
0.046919
0.081563
0.059621
-0.019737
-0.092449
-0.136259
-0.137240
-0.113117
-0.066338
-0.053273
-0.075733
-0.084307
-0.059250
-0.123494
-0.137005
-0.077226
0.027694
0.178198
0.236808
0.164270
0.002561
-0.007670
0.007920
0.058982
0.008877
-0.038434
0.067366
0.175777
0.181090
0.069427
-0.032980
-0.111905
-0.191278
-0.243684
-0.242186
-0.151703
0.006660
0.086224
0.054251
0.055834
0.107223
0.107403
0.134189
0.166683
0.154814
0.193492
0.224413
0.106096
-0.053785
-0.199570
-0.206151
-0.155159
-0.145575
-0.103622
-0.010430
0.102557
0.057431
-0.082147
-0.018136
0.190913
0.264356
0.169524
0.018194
0.010174
0.049537
-0.024790
-0.030752
-0.047304
-0.013109
-0.084056
-0.181109
-0.197962
-0.102774
-0.068007
-0.049745
0.009359
-0.021508
-0.070063
-0.101122
-0.123973
-0.129975
-0.115869
-0.031392
0.109638
0.258599
0.341307
0.246843
0.140967
0.046884
-0.026828
-0.061437
-0.099185
-0.179183
-0.206270
-0.238583
-0.172053
-0.104988
-0.035594
0.016622
0.108143
0.195231
0.217516
0.304415
0.384769
0.343332
0.164285
-0.034661
-0.253873
-0.306821
-0.266582
-0.263976
-0.229251
-0.092341
-0.041490
-0.029293
0.031910
0.136562
0.211593
0.201492
0.247223
0.309573
0.250681
0.133320
-0.023870
-0.228447
-0.208631
-0.139442
-0.109370
-0.204298
-0.307698
-0.238922
-0.059782
-0.017134
-0.019769
0.026986
0.061831
0.104849
0.106181
0.054654
0.051523
0.147768
0.164605
0.100107
0.000413
-0.070495
-0.050734
-0.066781
-0.123252
-0.078302
-0.031168
0.058072
0.092980
0.064123
0.029939
0.006515
0.000062
-0.070818
-0.027351
0.071793
0.131138
0.135241
0.094756
0.056803
-0.072801
-0.101541
-0.150118
-0.266055
-0.309284
-0.238053
-0.062129
0.099460
0.183427
0.137682
0.079083
-0.000191
-0.028082
-0.008952
0.034849
0.178035
0.254420
0.164431
0.022083
-0.077585
-0.144531
-0.110100
-0.132931
-0.195985
-0.163304
-0.083528
-0.001117
-0.003496
-0.081744
-0.092295
-0.122195
-0.125033
-0.025708
0.050675
0.090926
0.175683
0.212745
0.192430
0.102139
-0.012723
-0.091913
-0.148132
-0.088773
0.056747
0.110827
0.046170
-0.016997
-0.098477
-0.108483
0.120348
0.288701
0.286676
0.273847
0.291017
0.187648
0.117056
0.035867
-0.057152
-0.153728
-0.333997
-0.473213
-0.526413
-0.447656
-0.348572
-0.280741
-0.166505
0.069187
0.213887
0.294487
0.332113
0.388779
0.397826
0.365266
0.251888
0.183001
0.025152
-0.094681
-0.289983
-0.520165
-0.548470
-0.475289
-0.377389
-0.336989
-0.163833
0.030740
0.204741
0.309386
0.315120
0.343558
0.326820
0.267687
0.161158
0.131103
0.168368
0.129739
-0.024993
-0.240652
-0.363729
-0.371025
-0.306762
-0.215961
-0.154391
-0.056811
0.023686
0.065782
0.001673
0.064607
0.234818
0.372608
0.426799
0.426376
0.431171
0.337831
0.180566
-0.062538
-0.154690
-0.131653
-0.087879
-0.104701
-0.172389
-0.197583
-0.117493
-0.083639
-0.107633
-0.075920
0.030689
0.121449
0.097177
0.006291
-0.114708
-0.058107
0.000293
-0.002960
-0.008764
-0.026367
-0.082117
-0.194260
-0.175264
-0.091472
0.042639
0.125755
0.216900
0.311716
0.326178
0.201650
0.027623
-0.054565
-0.139263
-0.121069
-0.135044
-0.231761
-0.236778
-0.139148
0.060703
0.115104
0.028379
-0.069728
-0.034977
0.051175
0.128402
0.220943
0.241339
0.269388
0.156621
-0.079415
-0.190234
-0.173389
-0.121601
-0.111117
-0.074486
0.017544
0.075100
0.034423
-0.004969
0.017168
-0.034755
-0.041301
-0.058200
-0.057294
0.005301
-0.004924
0.062657
0.194380
0.239551
0.168939
0.076393
0.060549
-0.054431
-0.079902
-0.011045
0.062896
0.141369
0.045144
-0.138298
-0.346813
-0.490623
-0.523298
-0.424917
-0.223112
0.008842
0.167387
0.266482
0.374227
0.352902
0.217650
0.159864
0.173537
0.146808
0.046823
0.013793
-0.034760
-0.060760
-0.061003
-0.102047
-0.193062
-0.270830
-0.273557
-0.166019
-0.010524
0.062678
0.004681
-0.003239
0.072647
0.074207
0.065507
0.061247
0.048475
0.016430
0.081026
0.119527
0.118341
0.129774
0.086511
0.089001
0.099281
0.037296
-0.049559
-0.162305
-0.222509
-0.223654
-0.216293
-0.149924
-0.034245
0.001643
-0.016361
-0.083042
-0.178482
-0.116008
0.057710
0.210287
0.288150
0.323242
0.231800
0.076423
-0.081867
-0.198808
-0.136902
-0.114096
-0.002405
0.131117
0.120097
0.072699
0.082453
0.001751
-0.010213
-0.069757
-0.156617
-0.142361
-0.055928
-0.005364
0.007890
0.064985
0.034304
0.018042
-0.021443
-0.114992
-0.091461
-0.031281
0.074513
0.086063
0.031041
0.066204
0.079118
0.082619
0.037290
-0.014737
-0.042232
-0.086722
-0.143029
-0.200611
-0.199534
-0.145801
-0.091353
-0.065752
-0.095639
-0.155608
-0.152091
-0.060123
0.078204
0.190231
0.299703
0.344977
0.357696
0.272168
0.199802
0.085643
-0.055043
-0.144594
-0.127847
-0.102838
-0.143890
-0.149319
-0.160363
-0.167958
-0.157694
-0.102905
-0.001353
0.083078
0.075335
0.059869
0.145913
0.255730
0.316488
0.232636
0.190462
0.207694
0.064062
-0.122609
-0.204260
-0.213861
-0.188224
-0.086713
0.014186
0.023309
-0.009360
-0.096452
-0.116733
-0.089754
-0.063244
-0.072824
-0.036494
0.077750
0.104273
0.000427
-0.029166
-0.026610
-0.079082
-0.082048
-0.032148
-0.006164
0.068354
0.181274
0.251445
0.375935
0.335882
0.098346
-0.042484
-0.090935
-0.159264
-0.245167
-0.270294
-0.245810
-0.168646
-0.101741
-0.020863
0.050146
0.057350
0.045123
0.022737
-0.016737
-0.023226
0.047930
0.130171
0.200106
0.179752
0.102057
-0.049854
-0.163289
-0.237248
-0.299065
-0.243212
-0.061327
0.054076
0.044315
-0.016759
0.088216
0.166216
0.159510
0.201282
0.215600
0.215981
0.185646
0.140720
0.073323
-0.026464
-0.025852
-0.180178
-0.317653
-0.327961
-0.373680
-0.292911
-0.181117
-0.053283
0.022362
0.077087
0.128049
0.181738
0.198528
0.188364
0.208477
0.157782
0.026061
-0.015166
-0.126573
-0.142052
-0.165847
-0.094296
-0.141711
-0.097855
-0.053457
-0.099085
-0.086554
-0.048556
0.073576
0.321611
0.456804
0.453341
0.279896
0.100561
-0.067106
-0.236018
-0.254496
-0.150851
-0.074674
-0.028709
-0.027499
-0.033022
-0.114890
-0.091932
-0.210265
-0.245089
-0.092254
0.083248
0.167744
0.190405
0.068973
0.008390
-0.025057
-0.005852
0.023635
0.014625
0.005203
0.042883
0.128071
0.133903
0.075571
-0.132608
-0.355285
-0.310770
-0.250434
-0.155380
-0.059904
0.067770
0.178498
0.241187
0.269446
0.344249
0.389821
0.428293
0.387203
0.368107
0.211735
0.029099
-0.136479
-0.221789
-0.318072
-0.326070
-0.339480
-0.314000
-0.354120
-0.270656
-0.183286
-0.078732
0.008803
0.165678
0.344559
0.403111
0.386274
0.329689
0.176893
0.134202
0.131402
0.085046
-0.056307
-0.395326
-0.588173
-0.692789
-0.528838
-0.283474
-0.073790
0.128203
0.195455
0.216163
0.146755
0.148935
0.197236
0.333600
0.494412
0.533662
0.430852
0.185396
0.033039
-0.244366
-0.543823
-0.664842
-0.706659
-0.558783
-0.365533
-0.145047
0.021660
0.161303
0.229346
0.337628
0.528093
0.623636
0.594103
0.489538
0.348385
0.160459
-0.011670
-0.244939
-0.597219
-0.754290
-0.723155
-0.681639
-0.465144
-0.299429
0.006582
0.304404
0.399251
0.307378
0.382621
0.504761
0.482817
0.350307
0.222865
0.087194
0.025085
-0.149784
-0.265746
-0.448042
-0.507623
-0.477183
-0.345433
-0.248296
-0.056135
0.207442
0.392679
0.504646
0.553993
0.552028
0.412734
0.248932
0.107377
0.041198
-0.064942
-0.106608
-0.209530
-0.294129
-0.466963
-0.576305
-0.457288
-0.248119
0.017854
0.215308
0.258319
0.326227
0.317458
0.271978
0.283600
0.236569
0.164041
0.018485
-0.080159
-0.176773
-0.256315
-0.290333
-0.294275
-0.390982
-0.476411
-0.325715
-0.098803
0.065353
0.173140
0.258846
0.359033
0.464947
0.420632
0.330895
0.189409
0.083495
-0.053023
-0.218166
-0.276965
-0.288817
-0.294696
-0.303662
-0.242635
-0.207931
-0.145989
-0.061882
0.015184
0.122018
0.201148
0.291016
0.322635
0.201877
0.095607
-0.004020
-0.080857
-0.161110
-0.282371
-0.290396
-0.227845
-0.049311
0.086287
0.200290
0.195751
0.087610
0.033709
0.065360
0.092068
0.019951
0.009781
0.044534
0.044747
-0.036689
-0.025483
-0.050615
-0.129929
-0.152668
-0.150280
-0.113291
0.046157
0.190466
0.322141
0.358503
0.253898
0.051360
-0.061027
-0.140927
-0.185969
-0.171557
-0.071241
0.024069
0.001993
-0.090254
-0.141779
-0.170461
-0.114210
0.029778
0.185701
0.232825
0.239161
0.307557
0.345823
0.324520
0.189966
0.025780
-0.024258
-0.064073
-0.222876
-0.304120
-0.338388
-0.354822
-0.285464
-0.332900
-0.355843
-0.264254
-0.058528
0.195860
0.257224
0.313943
0.413811
0.474275
0.418444
0.354302
0.194273
-0.091010
-0.242231
-0.434158
-0.407573
-0.342215
-0.270554
-0.232866
-0.157439
-0.012278
0.092157
0.185371
0.244335
0.226065
0.327957
0.413465
0.450285
0.418245
0.346523
0.198684
-0.143965
-0.330969
-0.523848
-0.634729
-0.607942
-0.479510
-0.416264
-0.312631
-0.188189
-0.055362
0.083667
0.276256
0.394975
0.485346
0.485873
0.507006
0.406642
0.283007
0.184450
-0.043835
-0.332961
-0.380981
-0.434307
-0.478351
-0.428584
-0.313473
-0.162661
-0.049986
-0.043094
0.032075
0.070182
0.133360
0.246655
0.402627
0.514904
0.505466
0.355990
0.183951
-0.027986
-0.206211
-0.399374
-0.438673
-0.354045
-0.200157
-0.107572
-0.055313
0.016804
0.021447
0.019230
0.012580
0.004315
-0.041833
-0.014574
0.063570
0.088371
0.104154
0.080274
0.045311
-0.097546
-0.224922
-0.306190
-0.232961
-0.127294
0.001848
0.123036
0.089522
0.060966
0.040408
0.030792
0.087365
0.116429
0.126630
0.164638
0.070801
0.054713
0.066790
0.147001
0.093794
0.038360
-0.017119
-0.079879
-0.149036
-0.174912
-0.082272
0.038479
0.031737
-0.038772
-0.111881
-0.064286
0.014393
0.066306
0.102935
0.118043
0.173364
0.170940
0.104489
-0.025933
-0.206107
-0.251859
-0.196510
-0.148592
-0.189374
-0.170290
-0.126755
0.003901
0.041924
0.051418
0.122639
0.170523
0.249642
0.236997
0.199260
0.203453
0.225916
0.101923
-0.132703
-0.283048
-0.389060
-0.400429
-0.339737
-0.232545
-0.103380
0.003540
0.098133
0.265986
0.369608
0.408286
0.332957
0.277145
0.186192
0.068010
-0.042844
-0.172501
-0.242680
-0.271488
-0.208336
-0.263335
-0.408656
-0.426483
-0.353632
-0.206748
0.002738
0.184568
0.336336
0.423926
0.416622
0.270112
0.118258
-0.010799
-0.043054
-0.030522
-0.087175
-0.109507
-0.097534
-0.039683
-0.083324
-0.177240
-0.154457
-0.110003
-0.071917
-0.044075
0.010875
0.132663
0.275934
0.262036
0.210880
0.157078
0.073777
-0.072222
-0.208412
-0.194376
-0.145427
0.000175
0.068221
0.010337
-0.149123
-0.268890
-0.259823
-0.180066
0.021279
0.237231
0.433742
0.491155
0.401304
0.188770
-0.019242
-0.112583
-0.191131
-0.267631
-0.242809
-0.244090
-0.167062
-0.077030
-0.026305
0.004324
0.029277
-0.026057
0.046220
0.122480
0.210440
0.198398
0.154352
0.055728
-0.054982
-0.222633
-0.304731
-0.311029
-0.259734
-0.111084
0.003959
0.097226
0.240262
0.376413
0.352274
0.305882
0.197682
0.138237
-0.030342
-0.134115
-0.237397
-0.254489
-0.193360
-0.156466
-0.246439
-0.306508
-0.273823
-0.187633
-0.011635
0.155060
0.279586
0.445771
0.518767
0.456755
0.348527
0.172890
-0.083687
-0.090321
-0.235874
-0.276022
-0.325846
-0.339536
-0.332560
-0.305939
-0.303912
-0.188359
0.078132
0.167091
0.266740
0.302877
0.449657
0.486669
0.548829
0.493804
0.371360
0.032019
-0.222114
-0.407395
-0.565949
-0.668676
-0.692903
-0.570750
-0.447542
-0.275195
-0.146227
0.056541
0.225739
0.462791
0.583566
0.592117
0.584201
0.579506
0.505837
0.317417
0.074706
-0.199271
-0.394820
-0.565643
-0.656998
-0.711413
-0.602727
-0.381739
-0.089083
0.180836
0.372218
0.498767
0.522062
0.554322
0.451325
0.427137
0.370312
0.209832
0.053563
-0.180690
-0.451339
-0.679251
-0.689598
-0.577217
-0.542643
-0.456351
-0.262979
-0.002830
0.190402
0.280845
0.415717
0.519342
0.465130
0.349485
0.254853
0.149247
0.078832
0.073852
-0.003096
-0.103674
-0.239632
-0.433692
-0.451837
-0.402824
-0.304946
-0.124826
0.041741
0.120131
0.148851
0.114872
0.104169
0.161595
0.220061
0.274275
0.264612
0.232140
0.190874
0.040676
-0.105780
-0.200592
-0.200492
-0.279247
-0.281105
-0.209633
-0.140003
-0.041719
-0.039377
0.048539
0.125428
0.154973
0.222902
0.238312
0.155832
0.107609
0.110777
0.023239
-0.037255
-0.109388
-0.100381
-0.094754
-0.096331
-0.138434
-0.232041
-0.184975
-0.132539
-0.116667
-0.087725
0.084541
0.281711
0.343754
0.261388
0.167027
0.138130
0.035034
-0.087702
-0.211005
-0.161861
0.034446
0.150860
0.111615
0.030622
-0.078751
-0.174249
-0.125770
-0.102023
-0.127923
-0.121825
-0.044328
0.028149
0.066038
0.056274
0.103415
0.130815
0.168022
0.190761
0.132971
0.076018
0.138778
0.166052
0.111604
0.006906
-0.189452
-0.285199
-0.354360
-0.350631
-0.221698
-0.043476
0.083171
0.140746
0.154283
0.154934
0.138738
0.137911
0.184512
0.192912
0.181738
0.148600
0.073082
-0.056538
-0.108014
-0.228882
-0.329654
-0.360157
-0.293341
-0.216785
-0.086022
0.025968
0.133575
0.211768
0.260693
0.222524
0.198841
0.152768
0.082946
0.054585
0.111525
0.181285
0.146337
0.104406
-0.073475
-0.199406
-0.223624
-0.321234
-0.413498
-0.345741
-0.143345
-0.019022
0.079566
0.121329
0.212225
0.281188
0.289515
0.239445
0.276335
0.205673
0.142122
0.120237
0.131726
0.016961
-0.274797
-0.415579
-0.440864
-0.380733
-0.333299
-0.207329
-0.050265
0.198106
0.298711
0.339005
0.289123
0.192561
0.146168
0.147052
0.148053
0.171917
0.081059
0.000828
-0.137443
-0.363641
-0.574989
-0.525403
-0.346452
-0.195363
0.023852
0.108107
0.175017
0.185373
0.180306
0.173932
0.155995
0.096365
0.015822
-0.029775
-0.022396
0.014176
-0.005355
-0.039818
-0.071808
-0.122554
-0.162585
-0.116737
-0.056032
-0.018698
0.081100
0.126249
0.227632
0.114216
-0.059947
-0.199864
-0.244339
-0.092314
0.055118
0.126275
0.121724
0.070810
0.091094
0.055481
0.041559
0.007179
-0.013923
0.043465
0.035009
-0.013177
-0.084510
-0.115078
-0.149993
-0.161102
-0.104927
-0.067135
0.022781
0.115785
0.079445
0.030194
0.050882
0.152088
0.188474
0.161877
0.154036
0.069732
-0.101143
-0.127295
-0.203176
-0.222278
-0.243921
-0.155419
-0.178690
-0.137286
-0.038155
0.077990
0.116892
0.058810
0.023861
0.080710
0.135602
0.150320
0.221617
0.271090
0.149750
-0.013141
-0.217219
-0.247370
-0.277393
-0.297040
-0.305365
-0.211864
-0.119288
-0.059023
-0.036872
0.004359
0.126472
0.302501
0.509306
0.660478
0.608607
0.492569
0.330441
0.160102
-0.058959
-0.303069
-0.494872
-0.639793
-0.695565
-0.729784
-0.576744
-0.309091
-0.026330
0.091812
0.196862
0.398967
0.591810
0.600619
0.529455
0.312375
0.230309
0.101767
-0.067417
-0.226411
-0.372657
-0.404311
-0.588028
-0.593185
-0.350118
-0.071538
0.155872
0.259194
0.304182
0.358782
0.377054
0.300248
0.226993
0.190613
0.108235
-0.005519
-0.088392
-0.112102
-0.193555
-0.279503
-0.416103
-0.447490
-0.310888
-0.159309
0.018915
0.199769
0.274953
0.294754
0.238051
0.152191
0.067414
0.060430
0.071537
0.112838
0.114790
0.077031
0.043203
-0.020516
-0.118718
-0.280817
-0.293668
-0.174887
-0.118702
-0.112479
-0.068335
0.004764
0.068148
0.103650
0.119086
0.185962
0.173574
0.124868
0.078566
0.029110
0.030549
-0.001189
-0.070743
-0.129544
-0.280177
-0.336678
-0.269416
-0.103383
0.032894
0.113824
0.255047
0.327109
0.297916
0.230879
0.217558
0.190115
0.132494
0.004479
-0.052956
-0.043264
-0.114087
-0.245030
-0.414091
-0.423287
-0.310353
-0.158662
-0.022996
0.138900
0.214803
0.307509
0.263585
0.206656
0.091256
0.080439
0.011308
-0.078954
-0.163852
-0.217839
-0.245243
-0.260248
-0.221019
-0.266472
-0.176659
-0.098872
-0.009508
0.131782
0.309578
0.400643
0.381904
0.222145
0.156445
0.109887
0.086582
-0.014421
-0.084960
-0.128300
-0.115900
-0.136055
-0.164701
-0.206507
-0.235111
-0.126518
-0.098614
-0.064157
0.020173
0.090234
0.143743
0.116252
0.171262
0.253791
0.286649
0.230734
0.101927
-0.079584
-0.122967
-0.031741
0.060560
0.024518
-0.115798
-0.065827
-0.035080
-0.106111
-0.130587
-0.028925
0.066803
0.112751
0.126101
0.136835
0.110857
0.087221
0.021571
-0.082486
-0.081772
-0.079996
-0.059286
-0.154557
-0.118509
-0.156182
-0.131605
-0.017290
0.063768
0.100227
0.094418
0.062657
0.030043
-0.013756
-0.071439
-0.048897
0.001158
-0.057231
-0.073833
-0.021872
0.088686
0.104051
0.035466
-0.028035
-0.044620
-0.039310
0.045752
0.050027
0.035818
0.004405
-0.037676
-0.043035
-0.058368
-0.106278
-0.151748
-0.233582
-0.262922
-0.164696
0.078306
0.260647
0.289703
0.265107
0.281559
0.201326
0.116233
0.079409
0.031565
-0.083536
-0.189409
-0.196369
-0.175451
-0.128323
-0.138356
-0.156810
-0.114150
0.063114
0.156899
0.235248
0.248733
0.391355
0.460787
0.402910
0.157604
-0.176474
-0.260179
-0.304605
-0.232541
-0.259024
-0.205621
-0.151520
-0.134841
-0.158604
-0.148558
-0.067099
0.101583
0.208263
0.213782
0.165420
0.170280
0.123695
0.118747
0.038096
-0.090309
-0.139246
-0.109915
-0.119667
-0.134845
-0.137980
-0.203987
-0.241513
-0.246314
-0.165074
-0.094183
0.068770
0.231645
0.407388
0.481256
0.461892
0.375365
0.287643
0.219341
0.043470
-0.056023
-0.127582
-0.220615
-0.328022
-0.427400
-0.430285
-0.380879
-0.238187
-0.154973
-0.022898
0.118499
0.195977
0.226967
0.222247
0.302961
0.392217
0.410333
0.338935
0.141380
-0.054781
-0.209690
-0.298254
-0.401832
-0.460172
-0.406102
-0.266077
-0.123579
-0.079776
-0.022353
0.022344
0.144598
0.174264
0.163834
0.110968
0.130692
0.210817
0.222071
0.266021
0.196005
-0.017625
-0.195300
-0.304710
-0.278100
-0.177176
-0.049530
-0.092948
-0.099829
-0.107285
-0.056793
0.008872
0.082040
0.154143
0.225292
0.258239
0.237298
0.134341
0.050149
0.057087
0.095739
-0.020741
-0.076736
-0.046387
-0.014855
-0.001442
-0.017599
-0.016364
0.027586
-0.043627
-0.163203
-0.244026
-0.229995
-0.154469
-0.106007
-0.013931
0.068533
0.139614
0.108318
0.010083
-0.066701
-0.120757
0.040627
0.098415
0.066873
0.078708
0.070300
0.029816
-0.024714
-0.032932
-0.126364
-0.201356
-0.209973
-0.175129
-0.110527
-0.039397
0.051510
0.054083
0.018325
0.061784
0.084289
0.000065
-0.059150
-0.077130
-0.008448
-0.021249
-0.085869
-0.159624
-0.065411
0.006319
0.081762
0.162531
0.253097
0.327836
0.314967
0.217546
0.086754
0.076768
0.076194
0.074614
-0.103083
-0.315176
-0.348328
-0.308468
-0.235990
-0.126718
0.000585
0.120469
0.204615
0.229312
0.190726
0.129689
0.157333
0.119745
0.037806
-0.068824
-0.031860
-0.018799
-0.101538
-0.208500
-0.274526
-0.153863
-0.062335
-0.013572
0.009289
0.046545
0.156359
0.281396
0.289470
0.185035
0.136942
0.081702
0.032546
-0.012534
-0.005545
0.083717
0.060296
0.015089
-0.119445
-0.141110
-0.201802
-0.187831
-0.192665
-0.260142
-0.235235
-0.232537
-0.160317
-0.078876
-0.026026
0.075213
0.232906
0.338634
0.384929
0.330010
0.242369
0.162944
0.108776
0.100971
0.115087
-0.033484
-0.292081
-0.469789
-0.599761
-0.519683
-0.315284
-0.128143
-0.012877
0.072037
0.193031
0.304171
0.299861
0.178747
0.067667
0.088828
0.141311
0.215619
0.192475
0.089102
0.013454
-0.136018
-0.167958
-0.183629
-0.170006
-0.195612
-0.241795
-0.195654
-0.104012
-0.023737
0.099746
0.165948
0.201599
0.159343
0.082881
0.026208
0.012668
0.040066
0.048141
0.142435
0.131893
-0.011764
-0.072978
-0.113098
-0.077141
-0.008478
0.115970
0.181788
0.150336
0.132862
0.025202
-0.102605
-0.178772
-0.172165
-0.138173
-0.202015
-0.192486
-0.134574
-0.052070
-0.030874
-0.142368
-0.074193
0.036118
0.170554
0.233230
0.200558
0.233630
0.237404
0.205523
0.133243
0.073497
-0.007289
-0.090015
-0.098534
-0.166332
-0.174895
-0.148773
-0.160478
-0.104463
-0.118733
-0.162598
0.006472
0.139809
0.240879
0.297432
0.260312
0.193523
0.061983
-0.130708
-0.206299
-0.167740
-0.164018
-0.149158
-0.200271
-0.221607
-0.259514
-0.190080
-0.125553
0.014973
0.160243
0.246914
0.252880
0.250168
0.173772
0.122879
0.083350
0.061685
-0.007399
-0.119553
-0.266284
-0.276736
-0.106879
0.019468
0.065013
0.086603
0.268283
0.377406
0.373737
0.178314
0.053817
0.009414
0.023276
0.062828
0.007747
-0.058628
-0.124391
-0.207637
-0.192470
-0.092914
-0.031471
-0.079282
-0.149051
-0.184892
-0.108626
0.000062
0.012615
0.077242
0.044986
-0.114724
-0.093086
-0.022317
-0.047966
-0.173716
-0.209030
-0.135741
0.003215
-0.035512
-0.106618
-0.002370
0.183915
0.310147
0.210851
0.102124
0.066235
0.143951
0.161029
0.167259
0.018778
-0.110995
-0.196334
-0.295009
-0.402020
-0.405181
-0.238386
-0.111977
-0.076884
-0.051642
0.057935
0.153786
0.155961
0.234872
0.356309
0.386382
0.339994
0.243864
0.131945
-0.014244
-0.172246
-0.251316
-0.295735
-0.297543
-0.281081
-0.233781
-0.169728
-0.073882
0.063913
0.198780
0.289260
0.334268
0.311937
0.178463
0.116968
0.115195
0.139491
0.004039
-0.176509
-0.407014
-0.436226
-0.296394
-0.169952
-0.061136
0.073369
0.240387
0.324711
0.279380
0.219270
0.139804
0.116277
0.048697
0.010132
0.038610
-0.034198
-0.106280
-0.122230
-0.112287
-0.139004
-0.088900
-0.037342
-0.023795
-0.051339
-0.021650
0.062818
0.096151
0.045991
0.023462
-0.007972
-0.038543
0.000499
0.058596
0.034424
0.063459
0.118064
0.188816
0.155802
0.052465
-0.115425
-0.219032
-0.228702
-0.232362
-0.246454
-0.195770
-0.061461
-0.009614
0.052380
0.135544
0.140569
0.208066
0.338018
0.404964
0.389733
0.288018
0.148083
0.025681
-0.020238
-0.211317
-0.385060
-0.466587
-0.407398
-0.364014
-0.289064
-0.146162
0.039547
0.149710
0.213908
0.256998
0.338623
0.396687
0.354145
0.254722
0.180730
0.073575
0.024192
0.008745
-0.194885
-0.292925
-0.306499
-0.276114
-0.215932
-0.111977
-0.010333
0.066000
0.105950
0.128039
0.077130
0.027283
-0.023159
-0.089352
-0.043824
0.106655
0.180894
0.151614
0.042945
-0.099569
-0.197439
-0.222176
-0.174334
-0.180773
-0.165157
-0.103808
-0.094822
-0.118589
-0.097759
-0.022062
0.105223
0.337504
0.404060
0.379718
0.332522
0.219425
0.139410
-0.016401
-0.173224
-0.215368
-0.152100
-0.159278
