0.000000
0.000000
0.000000
0.000000
0.000000
0.000000
0.000000
0.000000
0.000000
0.000000
0.000000
0.000000
0.000000
0.000000
0.000000
0.000000
0.000000
0.000000
0.000000
0.000000
0.000000
0.000000
0.000000
0.000000
0.000000
0.000000
0.000000
0.000000
0.000000
0.000000
0.000000
0.000000
0.000000
0.000000
0.000000
0.000000
0.000000
0.000000
0.000000
0.000000
0.000000
0.000000
0.000000
0.000000
0.000000
0.000000
0.000000
0.000000
0.000000
0.000000
0.000000
0.000000
0.000000
0.000000
0.000000
0.000000
0.000000
0.000000
0.000000
0.000000
0.000000
0.000000
0.000000
0.000000
0.000000
0.000000
0.000000
0.000000
0.000000
0.000000
0.000000
0.000000
0.000000
0.000000
0.000000
0.000000
0.000000
0.000000
0.000000
0.000000
0.000000
0.000000
0.000000
0.000000
0.000000
0.000000
0.000000
0.000000
0.000000
0.000000
0.000000
0.000000
0.000000
0.000000
0.000000
0.000000
0.000000
0.000000
0.000000
0.000000
0.000000
0.000000
0.000000
0.000000
0.000000
0.000000
0.000000
0.000000
0.000000
0.000000
0.000000
0.000000
0.000000
0.000000
0.000000
0.000000
-0.000000
0.000000
-0.000000
0.000000
-0.000000
0.000000
-0.000000
0.000000
-0.000000
-0.000004
0.000003
0.000001
-0.000000
0.000000
-0.000000
0.000000
-0.000000
0.000000
-0.000000
0.000000
-0.000001
-0.000003
0.000001
-0.000000
0.000000
-0.000003
0.000000
-0.000002
-0.000004
0.000000
-0.000003
-0.000001
0.000001
-0.000003
-0.000007
0.000003
0.000006
-0.000007
-0.000006
0.000004
0.000004
-0.000017
-0.000034
0.000021
-0.000045
0.000037
-0.000089
-0.000005
-0.000135
0.000076
-0.000005
0.001697
0.002027
0.000632
0.000184
-0.001844
-0.008604
-0.006239
-0.003793
0.004326
0.000554
-0.004133
-0.000362
0.000382
-0.008118
0.017274
0.029762
0.006964
0.003611
-0.012617
-0.018844
-0.008459
-0.004288
-0.017100
-0.037058
-0.026150
0.023544
0.005896
0.005180
-0.009303
0.013375
0.041319
-0.016225
0.011368
0.006417
0.019966
0.044931
-0.023277
-0.104622
-0.033874
-0.030278
-0.074957
-0.007594
0.030784
0.038735
0.056336
0.017659
-0.006206
0.029896
0.021184
0.031221
0.047990
0.063758
0.046284
0.076632
-0.011729
-0.062006
-0.122193
-0.119229
-0.003116
0.077829
-0.016322
-0.034605
0.028307
0.061823
-0.024101
-0.000645
0.049282
0.049672
0.144660
0.049831
0.027309
-0.047747
-0.098878
-0.026897
0.002967
-0.032011
-0.010985
-0.044792
-0.076058
-0.049246
-0.076131
0.028213
0.083900
-0.051896
-0.021416
0.029411
0.012170
0.022449
-0.083959
-0.052849
0.083283
0.034488
-0.011406
0.061976
0.095030
0.044435
-0.027673
-0.030964
-0.028093
-0.015365
0.036315
-0.000107
0.007329
-0.008587
-0.009935
0.051430
0.003247
-0.039458
-0.011102
-0.037765
-0.043926
0.035034
0.058929
0.053673
0.016194
0.044685
0.021234
-0.037200
0.005548
-0.033651
0.032387
0.023449
-0.064720
0.018750
0.039598
0.003382
-0.011017
-0.049726
-0.054282
-0.007957
-0.031862
-0.014965
0.026109
-0.028784
-0.040713
0.032018
-0.032317
-0.061658
-0.068255
0.044626
0.067399
0.128553
0.040430
-0.057728
-0.036904
-0.094449
-0.008901
0.090770
0.073448
-0.043287
0.003308
-0.000533
-0.027069
-0.025354
-0.047937
0.003529
0.106798
0.062289
0.053645
0.094419
0.051576
-0.082810
-0.098589
-0.070990
0.018599
0.000138
-0.079403
-0.014487
0.064867
0.061397
0.075991
-0.016329
-0.059661
0.052397
0.051713
0.057609
0.216867
0.045597
-0.086399
-0.142190
-0.187022
-0.009275
0.020010
-0.058319
-0.083495
-0.038292
-0.021715
0.028114
0.066107
-0.009792
-0.030931
-0.029303
0.065717
0.068408
0.057159
0.084362
-0.052460
-0.203582
-0.194015
-0.124767
0.071389
0.056343
0.014277
0.151089
0.089645
-0.028814
0.008699
-0.029571
-0.075017
0.037069
-0.010857
0.035240
0.228849
0.102085
0.016328
-0.030240
-0.163016
-0.029268
-0.023675
-0.113635
0.091661
0.173969
0.100688
-0.068488
-0.208425
-0.063024
0.169180
0.145412
-0.004372
0.047601
0.002002
0.023695
0.052246
-0.142929
-0.094542
-0.114978
-0.072744
0.007266
0.032656
0.061226
0.015655
-0.034096
-0.031106
0.001832
-0.050789
-0.021445
0.003051
0.000875
0.037068
-0.024918
-0.068430
0.017943
-0.004992
-0.027804
-0.083676
-0.042340
0.080958
0.132541
0.078805
-0.047953
-0.049136
-0.071424
-0.111229
0.041454
0.027566
0.053624
0.171154
0.103284
0.055281
-0.030952
-0.020652
0.082108
0.092610
-0.019001
-0.023445
0.071326
0.034324
-0.012943
-0.043395
-0.158463
-0.146988
-0.105167
0.035158
0.073232
0.079892
0.083952
-0.029166
-0.022569
-0.089454
-0.047892
0.068147
0.094564
0.015270
0.054772
0.093319
-0.039690
-0.144672
-0.201053
-0.162651
-0.046169
-0.025156
0.015618
0.111286
0.015170
-0.084103
-0.018321
0.040841
0.049542
0.100967
0.115832
0.043752
0.122251
0.077557
-0.016534
-0.023706
-0.136537
-0.056293
-0.014150
-0.023733
-0.001340
0.012122
0.001266
-0.031618
0.016988
-0.033117
0.031706
0.057320
-0.038596
0.020798
-0.001281
0.055548
0.122585
-0.061442
-0.038726
0.023898
-0.041648
-0.032146
-0.020280
-0.081245
-0.109723
-0.015854
-0.086536
-0.006199
0.080702
-0.039515
0.125288
0.092065
0.026589
0.043543
0.029170
-0.075174
0.039238
0.009236
-0.092058
-0.008854
-0.073715
-0.068499
-0.029284
-0.048254
-0.071665
0.050728
-0.005421
0.007871
0.146499
0.074407
0.055028
-0.021828
-0.079218
0.020033
0.095342
0.027539
-0.056230
0.133654
0.016461
0.011102
-0.090756
-0.169913
0.053434
0.010846
0.024578
0.016675
0.063857
0.063534
0.029448
-0.088783
-0.090167
0.088418
0.003289
0.123692
0.039597
-0.006805
-0.035380
-0.102076
-0.155003
-0.156138
0.031892
0.014477
0.050366
0.011550
-0.037839
0.076220
0.065369
-0.108672
-0.007332
0.038269
0.054645
0.093636
-0.077180
-0.051095
-0.000763
-0.170468
-0.120186
-0.001746
0.043963
0.087333
0.125695
0.112056
0.089928
0.132372
-0.010278
0.002594
-0.018564
-0.093491
-0.051465
-0.004977
-0.126855
-0.120657
-0.005375
0.070087
-0.020652
-0.130879
0.005095
0.083091
0.177014
0.115587
0.014230
0.051211
0.002082
0.014399
0.044200
-0.044071
-0.074696
-0.131350
-0.056830
-0.083528
-0.014343
0.070771
-0.027230
0.026355
-0.033069
-0.068716
0.011518
0.027485
0.043654
0.072028
0.027557
0.023157
0.097713
0.054856
-0.003094
-0.070002
-0.121585
-0.134371
-0.012170
-0.036363
0.050006
0.110982
0.014409
0.048881
0.035023
-0.041310
-0.083774
-0.014410
-0.066558
0.075331
0.064362
-0.063142
0.075813
-0.076319
-0.079881
0.013537
-0.056831
-0.035561
0.019398
0.015034
0.110146
0.102771
0.018133
0.022364
-0.085431
-0.120202
-0.077167
0.071066
0.156926
0.077312
-0.060679
-0.058352
-0.009517
-0.009909
-0.088500
-0.128185
-0.067009
0.066050
0.120377
0.072071
0.066011
0.027398
-0.036646
-0.018244
-0.029044
-0.088278
0.046435
0.101615
0.025291
0.051547
-0.044021
-0.015697
0.004578
-0.116970
-0.092780
-0.016633
0.069875
0.103277
0.026536
0.023754
-0.096476
-0.050693
-0.041636
0.018852
0.056682
0.043900
-0.008407
-0.004922
0.006998
-0.023489
0.067597
0.025093
-0.096473
-0.154097
-0.057222
0.092752
0.083551
0.121630
-0.001708
-0.010288
0.019892
0.043448
0.039476
0.017793
0.054694
0.005183
-0.088950
-0.198954
-0.080268
0.047175
-0.098171
-0.099727
-0.039879
-0.009311
0.065613
0.060123
0.066307
0.143358
0.090209
0.132323
0.059982
-0.062903
-0.031585
0.041261
-0.020472
-0.073574
-0.072151
-0.147708
-0.040317
-0.112245
-0.047402
0.008059
-0.046239
0.002857
0.018784
0.151042
0.169170
0.109623
0.000056
-0.033032
-0.010653
-0.025313
0.013373
-0.061415
-0.034784
0.059611
0.062170
-0.003727
-0.076217
-0.090966
-0.159440
-0.071434
0.072213
0.052574
0.113438
0.135252
0.107803
0.031979
0.017604
0.048764
-0.025854
-0.055966
-0.165930
-0.131875
-0.007041
0.005473
-0.091150
-0.041766
0.002690
0.060223
0.040430
-0.068904
0.113835
0.057254
0.048526
0.034089
-0.074310
-0.084602
-0.018909
0.041860
0.033231
-0.016310
0.005251
0.029601
0.021843
0.005153
0.005214
0.031798
-0.021266
-0.114575
-0.038843
0.086390
0.044708
-0.010705
0.021832
0.036938
-0.050242
-0.070260
0.021136
-0.054522
-0.032792
0.005521
0.086645
0.082458
0.054190
-0.031251
-0.034120
0.086290
-0.031030
0.031969
-0.002309
-0.051759
-0.119815
-0.024119
0.034117
-0.022146
-0.009270
-0.019820
-0.001266
0.111080
0.096086
0.019219
0.050729
0.003960
-0.092265
-0.116237
-0.095045
-0.035970
0.099844
0.063396
-0.067953
-0.020319
0.018726
0.029954
0.014103
-0.009368
0.004107
0.050436
0.004414
-0.039587
0.065054
0.003709
0.090340
0.055333
-0.164087
-0.065814
0.017380
0.025994
-0.000038
-0.072680
-0.104623
0.027034
-0.019171
0.037948
0.112056
0.071335
0.001217
-0.069289
-0.026045
0.073419
0.091867
-0.035228
0.004584
-0.009492
-0.008671
-0.058587
-0.049839
0.009999
0.048493
0.000008
-0.002310
-0.038254
-0.026621
0.029820
-0.016792
0.041792
-0.030202
-0.070913
0.021859
0.095229
0.029166
0.007196
-0.052622
-0.125735
-0.019913
0.037962
-0.057298
0.001242
0.070094
-0.008629
0.045587
0.010033
0.015595
-0.005640
0.003507
-0.011214
0.019435
-0.028963
-0.012192
0.021603
-0.057565
-0.036859
0.013732
0.039285
0.108615
-0.018346
-0.016218
0.090247
0.086265
-0.020684
-0.051539
-0.101493
-0.081266
-0.043726
-0.040852
-0.013934
-0.034069
-0.040716
-0.001541
0.109122
0.018719
0.033992
0.025202
-0.013562
0.041527
0.029152
0.049769
0.057439
0.023411
-0.019356
-0.066124
-0.064868
-0.069453
0.014374
0.060875
-0.068280
-0.102021
-0.007888
0.041340
0.056098
0.009866
-0.034990
0.038635
0.096782
-0.001874
0.039205
0.073800
0.010788
-0.065166
-0.079166
-0.042839
-0.020053
-0.078693
0.047733
0.085283
-0.025314
0.070144
0.056239
0.167292
0.030378
-0.139948
-0.102924
-0.022178
-0.033779
-0.059017
-0.003512
-0.047927
-0.013527
-0.052300
-0.007406
0.034540
0.030956
0.043524
0.106974
0.143155
0.005675
-0.064703
-0.004623
0.054034
-0.075440
-0.160796
-0.089508
0.065659
0.073022
0.097411
-0.014610
-0.071962
-0.041599
-0.071862
-0.031144
-0.021323
0.042415
0.087101
0.091751
-0.024357
0.039921
0.041357
-0.028882
-0.016999
-0.059391
-0.007748
0.061649
-0.000422
-0.032360
0.013753
-0.038310
-0.094051
-0.123941
0.086628
0.100309
0.025557
0.064454
0.035220
0.071677
-0.025335
-0.074809
-0.023938
-0.010321
-0.022629
-0.085023
-0.007481
0.033349
-0.007527
-0.034171
-0.082393
-0.092140
0.034786
0.109014
0.099449
0.039325
-0.001476
0.094055
0.108939
-0.005516
-0.024401
0.026928
0.007008
-0.009290
-0.084287
-0.050475
-0.068234
-0.154876
-0.158127
-0.082585
-0.006699
0.030212
0.085348
0.096754
-0.000163
0.061052
0.143846
0.084182
0.077426
0.002109
-0.094146
-0.048398
-0.016233
0.011209
-0.003636
0.003040
-0.055703
-0.022567
-0.054644
0.028057
-0.009954
-0.058474
-0.058113
-0.004737
0.000354
0.037905
0.027305
0.028962
0.066764
0.056484
0.019971
0.060969
0.032046
-0.087521
-0.120626
-0.038214
0.016873
-0.012615
-0.082528
-0.099204
0.022829
0.088574
0.050532
0.077327
0.125268
0.105948
0.006978
-0.036008
-0.034009
-0.050731
-0.120863
-0.106436
-0.070287
-0.073198
-0.032989
0.102106
0.069566
-0.026658
0.046989
0.029315
0.015320
-0.070831
-0.081937
0.107752
0.119744
0.036867
0.012360
-0.024723
-0.053689
-0.031629
-0.007927
0.014516
0.037348
-0.053028
-0.029636
0.004569
-0.037290
-0.024899
0.074549
0.008256
-0.003990
0.028360
0.084245
0.098483
-0.033966
-0.089757
-0.127158
-0.033786
0.040318
0.079217
0.022582
0.001715
-0.089945
-0.030736
-0.007260
-0.026763
0.111777
0.139084
0.072272
-0.079930
-0.059955
0.003474
-0.006960
-0.102761
-0.131612
-0.056966
-0.039627
0.078354
0.088706
0.065475
0.046101
-0.018288
-0.004267
0.013120
0.038775
0.047042
0.072369
0.075819
-0.048840
-0.028961
-0.020400
-0.006749
-0.067957
-0.126071
-0.111758
-0.046926
-0.009892
0.054428
-0.008065
0.037827
0.006594
-0.022912
0.068896
0.052496
0.100214
0.145522
0.077634
0.066012
0.048448
-0.064344
-0.105802
-0.041623
-0.066510
-0.057129
-0.052894
-0.091725
-0.017742
-0.012644
0.036988
0.126301
0.016221
-0.075923
-0.033887
-0.033934
0.014765
0.117665
0.096696
0.016127
-0.086279
-0.066460
0.002954
0.096892
0.063839
-0.092979
-0.054921
0.010855
-0.021198
-0.027809
-0.053961
0.005429
0.020352
-0.095215
0.009809
0.071345
0.042997
0.069751
0.038859
0.039602
0.048269
0.007906
-0.062765
-0.128677
-0.043128
-0.032141
-0.009970
0.029253
-0.020996
-0.043891
-0.006060
0.058061
0.084030
0.075750
0.026370
-0.014898
-0.038990
0.021204
0.059652
0.010876
-0.072881
-0.069198
-0.051304
-0.046726
0.048603
0.046813
0.050377
-0.021184
-0.120846
0.000293
0.125400
0.011903
-0.065340
-0.043458
0.080533
0.111878
0.038734
-0.004094
0.020896
0.023112
-0.094485
-0.011491
-0.009970
-0.053031
-0.057820
-0.152421
-0.080508
0.004135
0.069111
0.057735
0.054927
0.015201
0.052943
0.026550
-0.021617
-0.071144
-0.082391
-0.086190
-0.073650
-0.018145
-0.044699
0.063379
0.085486
0.104837
0.099725
0.085936
0.042486
0.057095
0.010272
0.014549
0.047406
-0.057357
-0.108724
-0.046111
-0.056042
-0.019737
-0.040467
-0.060812
-0.018632
-0.003820
-0.035276
0.032883
0.110491
0.087526
0.010126
-0.051149
-0.016064
0.093118
0.069106
0.028010
-0.007195
-0.103305
-0.161097
-0.087280
0.010160
-0.010138
-0.000438
0.061286
-0.002704
0.003088
0.000345
0.013979
0.080287
0.045240
-0.041294
-0.011834
0.096234
0.098901
0.029124
-0.034971
-0.038560
-0.103246
-0.077456
0.011723
0.013239
0.001216
-0.084265
-0.054246
0.080232
0.105751
0.111111
0.063438
-0.028387
-0.009262
0.005020
0.093145
0.067137
0.030799
-0.124075
-0.152743
-0.145237
-0.115981
-0.029226
-0.000469
0.018710
-0.016534
-0.002239
0.180902
0.195418
0.070902
-0.001411
-0.035264
-0.046675
-0.024480
-0.013405
0.001833
0.026910
-0.026427
-0.107313
-0.052993
0.003851
-0.050071
-0.059382
-0.099022
0.009158
0.119126
0.118876
0.087604
0.012883
0.024964
-0.064176
-0.036606
-0.027553
0.050737
0.080560
0.088872
0.044945
-0.044090
-0.100127
-0.051503
-0.025028
-0.141157
-0.077995
0.071898
0.157342
0.111675
0.042908
-0.011287
-0.059323
-0.132573
-0.094416
0.003362
0.016531
0.019121
-0.062749
-0.077908
0.077487
0.038247
-0.052181
0.031999
0.025056
0.019832
0.038902
0.060483
0.093692
0.003451
-0.054490
-0.046896
-0.032984
-0.024247
0.011685
0.024658
-0.085593
-0.072465
0.014025
0.002437
0.066177
0.019140
0.035409
0.058030
-0.081771
-0.068948
0.081694
0.072871
0.056209
-0.082771
-0.094053
-0.039814
0.000649
0.014789
0.039648
0.024031
-0.051859
0.016851
0.053190
0.072923
0.028456
0.009006
-0.029643
-0.030525
-0.095327
-0.045142
0.022875
-0.001473
-0.044190
-0.026214
0.021863
0.036776
0.078905
0.118299
0.058822
-0.019054
-0.044617
-0.017488
-0.006229
-0.023778
-0.039743
-0.049492
-0.105437
-0.081051
0.042220
0.135564
0.111621
-0.032282
-0.102639
-0.040275
-0.026417
-0.022936
0.026956
-0.009597
-0.063317
0.031524
0.038930
0.025983
0.049732
0.015041
-0.035911
-0.019326
-0.038513
0.009980
0.126994
0.029631
-0.065986
-0.086449
-0.029135
0.049460
0.065177
0.025677
-0.062342
-0.021893
-0.002317
0.058254
0.011735
-0.103498
-0.103040
-0.036827
0.010174
0.060063
0.039304
0.095444
0.071521
-0.037575
0.016908
0.086524
0.073924
0.013848
-0.058225
-0.022228
-0.038455
-0.042999
0.013179
0.021833
-0.039424
-0.077337
-0.090410
-0.060780
-0.010138
0.082990
0.072575
0.066293
-0.050106
-0.065469
-0.047211
0.050718
0.015459
0.035987
-0.030206
-0.037242
0.021118
0.107464
0.170728
0.047989
-0.087553
-0.064793
0.010419
-0.013396
0.009135
-0.003684
-0.024993
-0.019941
-0.061078
-0.061634
0.005159
0.081589
-0.078084
-0.064017
-0.040354
-0.023453
0.081395
0.109281
0.056856
-0.036285
-0.056626
0.009625
0.072185
0.025089
-0.039516
-0.035691
-0.032375
-0.012839
0.039257
0.002380
-0.099817
-0.117815
-0.115435
-0.034477
0.046656
0.079215
0.175648
0.124478
0.015453
0.004401
0.016424
0.010139
-0.038897
0.027844
0.048165
-0.046491
0.015773
-0.008778
-0.079869
-0.008667
-0.094841
-0.145015
-0.103815
-0.090743
0.075904
0.253247
0.251007
0.141119
-0.036517
-0.045853
0.000801
0.000262
-0.056784
-0.027160
-0.120090
-0.087316
-0.030160
-0.015837
0.010938
-0.041710
-0.087444
-0.038213
-0.058018
-0.003205
0.105429
0.139224
0.106976
0.095083
0.116005
-0.005863
-0.042515
-0.021676
-0.026625
-0.041384
-0.136057
-0.051655
0.093927
-0.015532
-0.080437
-0.102121
-0.089688
-0.021663
0.034780
0.093699
0.182035
0.065131
-0.134783
-0.111252
0.024853
0.038581
0.061807
0.057816
0.041194
0.033177
-0.004127
0.013453
-0.056224
-0.127530
-0.121014
0.001333
0.046381
0.044351
0.142825
0.096808
0.005407
0.014842
0.006738
-0.015137
-0.019321
-0.099283
-0.115174
0.027810
0.023541
-0.047617
-0.075519
-0.081290
-0.056665
0.080227
0.051580
0.084530
0.108645
0.102023
0.096690
-0.003424
0.040194
-0.051926
-0.118921
-0.153327
-0.061987
0.003471
-0.079804
-0.007614
0.045564
0.069390
0.040293
0.032673
-0.003792
0.010343
-0.004332
0.025257
0.090232
0.059514
0.008708
-0.013128
0.005069
-0.004291
-0.049305
-0.083294
-0.057280
-0.051961
-0.018838
0.080865
0.038736
0.076764
0.021365
0.016936
-0.056343
-0.135872
-0.003140
0.069416
-0.008504
-0.042689
0.036580
0.021412
-0.050114
-0.044958
0.023917
-0.011980
0.010305
0.033462
0.044338
0.009301
0.066352
0.001071
0.003918
-0.028125
-0.059863
-0.100406
-0.043736
-0.053327
0.047176
0.149161
0.041129
-0.049715
-0.054509
0.000685
-0.025374
-0.033690
-0.033387
0.033241
0.072244
0.112197
0.162989
0.023014
-0.094373
-0.102321
-0.017050
0.072899
0.094804
0.013617
-0.058537
-0.085950
-0.129726
-0.134319
-0.018146
-0.045939
0.009652
0.097989
0.189663
0.118276
0.031632
0.000011
-0.010569
-0.015562
-0.041179
-0.105964
-0.039325
0.039053
0.064946
0.014310
-0.058799
-0.005493
-0.025191
0.041361
-0.070129
-0.073420
0.003888
0.035523
0.083987
0.101723
0.065069
0.027741
-0.044075
-0.118404
-0.090843
-0.038253
-0.022233
0.003262
-0.045970
-0.017280
0.013807
0.028601
0.042041
-0.025627
-0.020342
0.017959
0.060060
0.169544
0.190807
0.129501
0.012799
-0.141641
-0.077872
-0.045735
-0.078997
-0.087603
-0.091550
-0.053828
0.009433
0.014754
-0.041890
-0.088931
-0.084355
0.014379
0.059894
0.099416
0.135551
0.139749
0.072463
-0.047868
-0.085571
-0.040253
0.048906
0.043427
-0.016419
-0.017237
0.011485
-0.013829
0.041347
-0.010451
-0.141382
-0.156787
-0.195569
-0.062079
0.096382
0.149449
0.219088
0.177362
0.006869
-0.059220
0.010307
0.049327
-0.063516
-0.066938
0.058609
0.048378
-0.047356
-0.086916
-0.061904
-0.024059
-0.021086
0.015991
0.027648
0.069539
0.014018
0.060032
0.029773
0.000170
-0.000659
-0.026107
-0.075889
-0.066510
0.016708
0.037409
0.045050
-0.035277
-0.024878
-0.004425
0.016043
0.032420
0.045081
-0.002363
0.018446
0.004787
-0.033545
-0.050178
-0.062918
0.030746
0.087258
-0.006310
0.005489
0.005106
-0.033998
0.025980
-0.021466
-0.047613
-0.087736
-0.007679
0.006732
0.040472
0.045262
-0.009381
0.059054
0.002570
-0.054442
0.077291
0.127043
0.049620
0.008807
-0.121446
-0.042032
0.080994
0.094601
0.031439
-0.117650
-0.125244
-0.094599
-0.011258
-0.035887
-0.016658
0.084173
0.091000
-0.013827
-0.037652
0.016518
0.059725
0.070955
-0.045985
-0.093585
-0.071755
0.057087
0.163033
0.080772
0.004604
-0.080663
-0.090744
-0.081249
-0.021845
-0.005557
0.020137
0.003890
-0.073169
-0.027851
0.023656
0.049733
-0.026041
-0.044897
-0.033389
0.100885
0.091070
0.091328
0.061884
0.045343
-0.016421
-0.009180
0.004812
-0.032480
-0.038193
-0.007505
0.036554
-0.030048
-0.056546
-0.046136
0.003284
-0.035892
0.010704
-0.009918
-0.018370
0.081248
0.054163
0.041407
-0.008292
-0.047646
0.040304
-0.013582
-0.041376
-0.048062
-0.040124
0.083121
0.094313
-0.017944
-0.021995
-0.012033
-0.024700
0.006749
0.024916
-0.053160
0.033688
-0.000960
-0.088837
-0.098325
-0.092487
0.036456
0.081042
0.013177
0.045710
0.037547
-0.006835
0.042363
-0.010700
-0.021276
-0.023800
-0.057616
-0.017162
-0.016973
-0.009310
0.110102
0.090088
0.003948
-0.031511
0.009507
0.014129
0.038542
0.044210
0.059811
-0.011838
-0.059560
-0.035415
-0.072797
0.022594
0.001698
-0.082650
-0.106981
-0.152202
0.039285
0.106616
0.117035
0.085917
-0.053944
-0.021763
-0.087382
-0.084603
0.065377
0.022975
-0.043578
0.040706
0.050284
0.033351
0.040103
-0.029947
-0.051111
-0.055811
-0.177304
-0.210987
-0.006491
0.164131
0.205382
0.102556
-0.029851
-0.070109
-0.013041
0.065814
0.035850
-0.018289
0.028302
0.049946
0.095847
0.044196
0.016950
-0.052344
-0.145485
-0.119969
0.052034
0.058495
0.147826
0.197668
0.114245
0.102724
-0.037693
-0.140979
-0.087600
-0.027163
-0.042082
-0.085177
-0.035294
0.040946
0.086361
0.029205
-0.125533
-0.247058
-0.163858
0.007074
0.114646
0.177939
0.100924
0.115696
0.162147
0.018340
-0.099689
-0.076540
-0.015308
-0.033762
-0.007511
0.034394
0.013372
-0.088561
-0.194056
-0.160448
-0.065772
0.084028
0.026599
0.002947
0.017331
0.058849
0.116424
0.169802
0.027080
-0.088662
-0.073253
0.047146
0.100553
0.139128
0.002096
-0.153402
-0.088759
-0.114063
-0.086829
-0.016574
0.077580
0.083450
0.012614
0.043413
0.125853
0.154399
0.076210
-0.082240
-0.134741
-0.120068
-0.040554
0.083177
0.057751
-0.059738
-0.169459
-0.194647
-0.077985
0.001139
0.083474
0.132657
0.047868
0.042717
0.125563
0.105355
0.123960
-0.010398
-0.105494
-0.069690
0.038987
-0.019283
-0.046415
-0.073279
-0.124818
-0.096940
-0.040829
-0.000286
-0.002856
0.052095
0.127865
0.217050
0.106918
-0.019889
-0.006149
-0.027670
-0.079975
-0.086299
-0.042263
0.040370
-0.017552
0.007356
-0.018825
-0.040702
-0.053119
-0.042854
0.035139
-0.043905
-0.013118
0.087522
0.190786
0.100508
-0.026661
-0.018630
-0.050845
-0.085231
-0.107766
-0.074151
0.092943
0.103549
0.058751
-0.031602
-0.072517
-0.002546
0.038077
-0.030861
-0.029845
-0.027966
0.143944
0.087719
-0.057772
-0.076633
-0.087561
-0.055457
-0.040380
-0.075285
0.035486
0.147438
0.048178
-0.067010
-0.110069
-0.053278
0.007849
0.041248
0.067203
0.082379
0.079850
0.096004
0.017556
-0.023239
-0.054716
-0.104981
-0.161026
-0.043530
-0.037457
0.086217
0.091696
-0.054460
0.064675
0.079827
0.007498
-0.093906
-0.031263
0.070042
0.057488
0.065081
0.069781
0.042292
-0.019616
-0.166641
-0.102141
-0.037093
-0.029563
-0.032329
0.033535
0.128381
0.110613
0.010178
-0.043390
-0.059753
-0.054302
0.031680
0.070259
0.019602
-0.079242
-0.001471
0.019780
-0.046934
-0.088012
-0.085841
-0.011472
0.048337
0.011974
0.040940
0.014980
0.016217
-0.002067
-0.005196
0.078947
0.024766
0.064220
0.084714
0.024396
-0.053536
-0.059619
-0.070856
-0.109020
-0.036288
-0.085734
0.011300
0.093455
0.007422
0.022547
0.033804
0.039795
0.037528
0.007819
-0.017063
0.067736
0.051991
-0.009225
0.110595
-0.068139
-0.058720
-0.016116
0.011031
-0.018281
0.059067
0.035725
-0.066150
-0.017053
-0.051698
0.027050
-0.011184
-0.164349
-0.029019
0.074448
0.035152
0.066894
0.024720
-0.054856
-0.053316
-0.059750
-0.049438
-0.038177
-0.017503
0.043343
0.114073
0.064630
0.032649
-0.010427
-0.076391
-0.120434
-0.072767
0.011177
0.031810
0.050590
0.054946
0.074478
0.043663
0.003788
-0.021439
-0.037685
-0.072174
-0.050463
0.017240
0.053437
-0.053451
-0.063617
0.004325
-0.029321
-0.004793
-0.001888
0.047186
0.015214
0.007626
0.096097
0.088928
0.003336
0.036158
-0.022094
-0.011802
0.028864
-0.042670
-0.041688
-0.030787
-0.035644
0.007151
0.031672
-0.027688
-0.024260
0.038424
0.040469
0.023331
0.044658
-0.015186
0.006520
-0.059973
-0.000295
0.053960
-0.022925
0.009711
0.047455
0.015005
-0.015264
-0.080034
-0.087197
-0.122296
-0.040454
0.039271
0.081281
0.131274
0.068967
0.048233
0.053789
0.012746
-0.096071
-0.060986
-0.033397
-0.015665
-0.047735
-0.025934
-0.016813
-0.033444
-0.105444
0.002940
0.039147
0.013375
0.033744
0.013447
0.049398
0.050978
0.074963
0.123390
0.043971
-0.102206
-0.109154
0.056012
0.012453
0.011308
-0.048518
-0.088728
-0.047094
-0.095858
0.018205
0.054456
0.058864
-0.024206
0.032964
0.109418
0.023636
0.079005
-0.031854
-0.190071
-0.104021
0.038241
0.106574
0.061133
0.010768
0.027119
0.115208
-0.063527
-0.116070
-0.059723
-0.065906
-0.087470
-0.021027
0.087197
0.071044
0.007212
0.002507
0.006103
0.000738
-0.040870
0.002242
0.004121
0.024943
-0.064429
0.003096
0.042284
0.000454
-0.079585
-0.044238
-0.034072
-0.009234
-0.006810
0.018522
0.082207
0.017714
-0.079503
-0.032047
0.059348
0.028692
0.071494
0.033867
-0.057318
0.010103
0.048021
-0.002792
0.008659
-0.018670
0.009137
-0.005288
-0.014745
0.026816
0.053251
-0.045326
-0.095516
-0.018142
0.045873
0.046710
-0.010299
-0.002989
-0.014338
0.014438
-0.029284
-0.048089
-0.004567
0.027626
-0.001810
0.037665
0.086513
0.045410
0.009478
-0.037091
-0.058528
-0.058865
0.040746
0.050893
-0.037380
-0.019904
-0.006617
-0.058585
-0.012948
0.016817
0.038034
0.009114
-0.018989
0.055587
0.072106
0.028634
-0.008421
-0.041254
-0.091325
-0.119638
-0.042766
0.056716
0.015555
0.043871
-0.001587
-0.089801
-0.001415
0.073527
-0.029996
-0.006427
-0.057956
0.097110
0.140796
0.012391
-0.016735
0.015218
0.006554
-0.056394
-0.039651
-0.049883
0.075880
0.054268
-0.006992
-0.042533
-0.024144
-0.045428
-0.038111
-0.007168
-0.062510
-0.005469
0.027626
0.055460
0.021562
-0.000050
-0.042049
0.085989
0.101945
0.023584
-0.035317
-0.051285
-0.000360
0.013011
0.015024
-0.028042
-0.038251
0.033776
-0.031458
-0.040885
-0.054372
-0.028583
0.019177
0.126226
0.023387
-0.017232
-0.036047
0.001302
0.074842
0.020070
-0.051630
-0.036321
-0.059673
-0.008582
-0.021632
-0.013377
-0.003011
0.028838
-0.034787
0.009943
0.049384
0.046190
0.130805
0.033693
-0.045851
-0.069008
-0.069470
0.058101
0.074936
0.005346
-0.045994
-0.027247
-0.034649
-0.007235
0.003966
-0.106001
-0.069250
-0.067888
-0.039086
0.070716
0.131369
0.109210
0.024183
-0.006191
0.051102
0.079857
0.017217
-0.064846
-0.065272
-0.004098
-0.035340
-0.042375
-0.062103
-0.070820
-0.052943
-0.028167
0.028888
0.043193
0.141417
0.140716
-0.016007
-0.002695
0.048298
0.038765
-0.014867
-0.111615
-0.098279
-0.071429
-0.066023
-0.018713
0.061045
0.130035
-0.012626
0.020436
-0.023183
-0.037605
-0.007092
-0.018318
-0.031911
0.014627
0.071818
0.037341
0.073876
-0.076737
-0.077593
-0.097393
-0.108242
-0.042875
0.009686
0.068578
0.047770
0.046727
0.072613
0.048112
-0.082030
-0.033700
-0.036573
0.053612
0.014482
0.129842
0.126831
0.008568
-0.044940
-0.115634
-0.113960
-0.036653
0.052256
0.081233
0.104583
-0.005166
-0.032053
-0.050739
-0.002464
0.007037
-0.034173
-0.008305
0.084473
0.037277
0.085908
0.006511
-0.073813
-0.096163
-0.125141
-0.083835
0.005661
0.059475
0.126946
0.160413
-0.051856
-0.139448
-0.032702
-0.001758
0.037792
0.082664
-0.021969
0.000326
0.069479
-0.059591
-0.178683
-0.092368
-0.095344
-0.110460
0.048785
-0.003660
0.108016
0.252569
0.102699
-0.029294
-0.082560
-0.037211
-0.008096
-0.033955
0.028207
0.109006
0.060818
0.064163
-0.027228
-0.112444
-0.033285
-0.001386
-0.038197
-0.080173
-0.073675
0.000625
0.134551
0.070223
-0.003303
-0.017096
-0.054910
-0.031214
0.016724
-0.019620
0.132762
0.136891
0.080875
-0.019666
-0.179510
-0.088758
-0.026320
-0.044857
-0.008215
-0.011530
0.012441
0.088751
0.023394
-0.013412
-0.011378
-0.003272
0.115924
0.068216
-0.122573
0.058160
-0.000395
-0.072780
-0.019520
-0.092471
-0.002803
-0.019963
-0.047133
0.032481
0.023379
0.023941
0.083581
0.066430
-0.032646
-0.001129
0.002615
0.004863
0.041025
-0.051469
0.019935
0.080508
-0.069803
-0.040315
-0.098259
-0.018329
0.026477
-0.050876
-0.063747
-0.038876
0.028106
0.058031
0.094002
0.048946
0.044018
0.010534
0.052915
0.044910
-0.024377
-0.008147
0.010213
0.024611
0.006703
-0.134330
-0.033124
-0.036858
-0.040116
-0.133825
-0.127177
0.012050
0.081221
0.079896
0.060290
0.070003
0.077873
0.091388
-0.001010
0.007848
-0.015780
-0.059220
0.095836
0.052256
-0.072690
-0.067630
-0.022893
-0.135379
-0.060033
-0.045225
0.024074
0.040083
0.000970
0.051354
-0.008135
0.082997
-0.018838
-0.108792
0.003107
0.032304
0.075483
0.111950
-0.016348
-0.012585
0.078216
0.059526
-0.048840
-0.112637
-0.124300
0.013669
0.061489
0.021822
0.085706
-0.009923
-0.010972
-0.034940
0.010052
-0.005162
-0.070605
-0.072891
-0.008571
0.062169
0.076214
-0.073898
0.008192
-0.012390
-0.057104
0.055994
0.091538
-0.067849
0.037489
0.050008
0.054084
0.068001
-0.002010
-0.035322
-0.067149
-0.146027
-0.081556
0.001159
-0.000177
0.067709
0.091301
0.048943
-0.006962
-0.023342
-0.053752
0.037888
-0.013349
0.003788
0.001338
-0.034907
-0.011003
-0.053914
0.017855
-0.105069
-0.067204
-0.074138
0.020718
-0.019969
0.035900
0.114749
0.109833
0.092385
0.111813
0.080926
0.017415
-0.009233
-0.077342
-0.092548
-0.065817
-0.008452
-0.004281
-0.060628
-0.066106
-0.089748
-0.042720
-0.042304
0.025856
0.038247
0.001774
0.094924
0.084869
0.100459
0.097479
-0.005308
-0.019800
0.013747
0.005157
-0.017126
0.076987
-0.036103
-0.005841
-0.115875
-0.087256
-0.026105
-0.078095
-0.093115
-0.044727
0.015080
0.001882
0.134938
0.076726
0.138018
0.109664
-0.126870
-0.071796
-0.013358
0.029017
0.038103
0.058833
-0.067914
-0.065346
0.034840
-0.011714
-0.140802
-0.144352
-0.053479
0.080690
0.067575
-0.006590
-0.025553
0.095746
0.014500
-0.014651
-0.001505
0.009992
0.013301
0.032226
0.069899
-0.028006
-0.034903
0.014670
-0.028978
-0.130110
-0.028920
-0.018936
-0.006211
0.004472
-0.064284
0.060323
0.090936
0.031774
0.000667
0.052144
0.098129
0.066749
0.015885
-0.086808
0.008976
-0.028012
-0.061433
-0.098264
-0.037309
-0.040772
0.071768
0.056624
-0.010878
0.009416
-0.010876
0.048826
0.075715
0.004371
0.033399
0.056036
-0.015554
-0.106557
-0.079265
-0.113364
-0.062916
-0.067453
-0.072620
0.068358
0.068760
0.059592
0.107504
0.075622
-0.058430
-0.016701
0.027604
-0.011623
0.028779
-0.062593
-0.064905
0.000419
-0.060090
-0.053229
0.004107
-0.069171
-0.009816
0.085127
0.057332
0.054418
0.020337
-0.032907
0.061787
0.132976
0.008951
-0.058475
-0.019533
-0.040461
0.035300
0.091338
-0.029591
-0.054617
-0.069274
-0.034286
0.070004
0.025151
-0.049963
0.039990
-0.018337
-0.027092
0.011761
0.104088
0.123966
0.039064
-0.033715
-0.047814
-0.038472
-0.004007
-0.043913
0.005785
-0.113896
-0.093626
-0.060799
-0.012971
0.033240
0.011380
0.017198
0.046852
0.006105
0.009602
0.031804
0.062898
0.094155
0.027711
-0.046089
-0.067685
-0.036419
-0.098551
-0.016214
-0.081185
-0.059929
0.028081
0.009906
0.083935
0.167378
0.076132
0.074829
0.076058
-0.002739
-0.086642
-0.070886
0.083564
0.087539
0.006099
-0.112643
-0.122514
-0.097515
-0.063607
0.022252
0.029264
-0.044625
-0.051909
0.054361
0.150983
0.153462
0.050826
0.035532
0.011989
-0.081969
-0.040133
0.001387
-0.029348
-0.160559
-0.156258
-0.085944
0.026923
0.131283
-0.036243
-0.025404
0.005745
-0.024380
0.075365
0.171131
0.136690
0.032978
0.012620
-0.006073
0.054662
-0.003942
-0.100359
-0.131448
-0.082462
-0.061202
0.046715
0.001585
-0.014229
-0.000105
-0.028187
-0.029417
0.019752
0.056390
0.033387
0.068504
0.082924
0.015550
0.035801
-0.021512
-0.024502
0.011011
-0.067868
-0.122957
-0.034109
0.068084
-0.044621
-0.024502
-0.032428
0.015294
0.055773
0.091301
0.040988
0.051936
0.000901
-0.023717
0.037891
0.053465
0.039683
-0.012075
-0.135868
-0.129986
-0.058828
-0.047681
0.003310
0.086732
-0.011177
-0.004338
0.104702
0.052012
-0.003783
0.064085
-0.024527
-0.009602
0.043435
-0.041853
0.008117
0.025381
-0.047887
0.016230
-0.069077
-0.175049
-0.087925
-0.006780
-0.041943
0.115516
0.161722
-0.003083
-0.013604
0.019170
-0.021865
0.085519
0.020385
-0.095763
0.027852
-0.027445
-0.004056
0.057892
-0.058522
-0.089571
0.059552
0.034040
-0.000402
0.063845
0.004077
-0.032002
-0.021759
-0.097407
-0.031841
-0.023812
0.049485
0.118609
0.054011
-0.012105
-0.015943
-0.034883
-0.048518
-0.036407
-0.046442
0.007385
-0.050326
0.076816
0.029544
-0.018891
0.024448
0.008334
-0.014584
0.007229
-0.036030
0.000547
0.082458
0.074734
0.005719
0.015428
-0.004408
-0.005760
-0.042358
-0.070744
-0.110645
-0.024692
0.046659
0.037837
0.099753
0.047766
-0.070768
-0.050448
-0.017519
-0.011051
0.065044
0.045247
-0.019584
0.059046
0.027529
-0.047269
-0.026534
-0.036109
-0.040944
-0.009952
-0.021557
-0.006175
0.073138
0.046348
-0.004094
0.054969
-0.054857
-0.057258
0.016824
-0.000254
-0.020490
0.027388
-0.025803
-0.023727
0.012157
-0.059683
-0.004745
0.049730
-0.084411
0.041198
0.018834
-0.014463
0.096221
0.049485
-0.005656
-0.015870
-0.017121
-0.051622
0.085229
0.003288
0.002638
0.002728
-0.040482
-0.105093
0.053070
-0.056362
-0.072572
0.087079
0.060677
-0.021197
-0.033813
-0.021658
0.075872
0.093894
0.028574
-0.015301
-0.079242
-0.131216
-0.024942
0.064102
-0.000847
-0.023085
0.016310
-0.001737
-0.040429
-0.005207
0.067855
0.098343
0.079414
-0.038609
0.008412
0.028102
-0.032811
-0.000094
-0.069538
-0.073984
0.028071
-0.067082
-0.093244
0.009170
0.004312
0.076887
0.050541
-0.037913
-0.001472
-0.017198
-0.022061
0.015346
0.096150
0.081205
0.008748
0.033504
-0.049088
-0.003829
0.051450
-0.081089
-0.029986
-0.036301
-0.049930
0.093197
-0.046549
-0.062639
0.043759
0.024192
0.041778
-0.072178
0.045213
0.040589
-0.019902
0.045064
-0.146751
0.054735
0.141033
-0.004831
-0.001219
-0.064589
-0.082369
0.021744
-0.023174
-0.001681
-0.013892
-0.011672
0.019999
0.048062
0.097268
-0.019576
-0.028360
0.047035
-0.043923
-0.020140
0.033707
-0.077648
-0.033387
-0.039337
0.007747
0.031285
-0.024153
-0.019872
0.029486
0.069011
-0.006109
-0.068809
0.072443
0.041802
0.091355
0.033776
-0.088014
0.017937
-0.032316
-0.032167
-0.043770
-0.058633
0.001903
-0.025959
0.041166
0.020849
-0.062151
0.045173
-0.001512
-0.062658
0.049053
-0.011144
0.089277
0.090998
-0.001189
-0.017835
-0.028570
-0.035064
-0.079985
-0.015998
0.088863
-0.014302
-0.028178
-0.009495
-0.023566
0.062351
-0.025096
-0.010441
0.023418
-0.095527
0.057341
0.054365
0.050604
0.089000
-0.034268
-0.023448
-0.045144
-0.101802
-0.007396
0.032279
0.017691
-0.012596
-0.016656
0.027927
-0.015041
-0.104967
-0.088238
-0.000603
0.039480
0.070579
0.047040
0.096893
-0.039049
-0.041486
0.009433
-0.029861
-0.003223
0.037299
0.013138
-0.013633
-0.018939
-0.020019
0.062049
-0.013660
-0.106529
-0.038639
-0.007162
0.058106
0.083330
0.058821
0.152438
0.029301
-0.012154
-0.162426
-0.104154
0.024707
-0.017738
0.039915
-0.083787
-0.039734
0.106442
0.034432
-0.024495
-0.056197
-0.052379
0.106944
0.115882
-0.002375
-0.001535
0.069200
0.036705
0.001935
-0.011813
-0.054043
-0.027350
-0.000393
0.034951
-0.046284
-0.027033
-0.089078
0.018442
0.065506
-0.057264
-0.077421
-0.052932
-0.016555
0.025607
0.048199
-0.028057
0.033893
0.084012
-0.017761
-0.023326
0.029295
-0.002215
0.044438
0.003746
-0.108636
0.015116
-0.063302
-0.040898
0.063424
0.020337
-0.041296
0.026185
-0.044874
-0.000953
0.082595
-0.000499
-0.066409
0.049280
0.016399
-0.017131
0.055012
-0.056548
-0.035486
0.065815
-0.031544
-0.061927
0.099175
0.058931
0.076902
0.080039
-0.050272
0.055453
0.028003
-0.053767
-0.121075
-0.057421
-0.072689
-0.092926
0.013583
0.052194
0.076470
0.071871
-0.061867
-0.082381
-0.058213
0.064594
0.131189
0.054868
0.001132
0.042007
0.053189
0.036057
-0.047890
-0.123967
-0.123463
-0.046910
-0.053005
-0.001759
0.128135
0.093482
0.055524
-0.033439
-0.109780
-0.141038
-0.044690
0.109061
0.115573
0.002033
-0.007996
0.089783
0.099281
-0.062335
-0.148863
-0.176352
-0.101695
0.053464
0.104698
0.147335
0.077268
-0.001731
-0.056405
0.009135
-0.135137
-0.048925
0.088241
0.062415
0.046635
-0.019946
0.022214
0.041044
-0.026104
-0.117115
-0.077955
0.008138
0.002285
-0.020287
0.083500
0.047164
0.038394
-0.020061
-0.003443
-0.095313
0.009461
0.010893
0.082498
0.097703
0.020927
-0.009869
-0.002206
-0.096554
-0.135367
-0.032858
-0.026180
0.054254
0.058176
-0.074689
-0.060853
0.054716
0.035605
0.021189
0.051351
0.053849
0.069597
0.041535
0.009349
-0.024733
-0.035377
-0.056989
-0.021843
-0.066995
-0.017651
0.000526
0.005662
0.040953
0.012067
-0.049824
-0.029603
0.002245
-0.025274
0.004177
0.039328
-0.004221
0.063354
-0.022607
-0.041432
0.046316
0.076373
-0.013809
0.039481
-0.017061
-0.033349
-0.047800
-0.101710
-0.076929
0.011026
0.015402
0.053922
0.119990
-0.010246
-0.023333
0.017142
-0.013993
0.067588
0.129132
0.056572
0.016421
-0.028860
-0.142302
-0.098054
-0.062236
-0.047370
-0.048387
0.066871
0.071515
0.068945
0.011121
-0.071392
-0.001622
0.012728
0.013500
0.118468
0.064225
-0.036409
-0.044324
-0.034892
-0.003461
-0.029866
-0.108317
-0.051254
-0.006879
-0.066585
0.002166
0.073249
0.077124
0.075664
0.032124
-0.022678
0.008009
0.016121
-0.014168
0.029147
-0.026774
-0.082664
0.003787
0.032873
-0.036958
-0.078299
-0.077860
-0.056525
-0.009172
0.014934
0.065674
0.112753
0.109862
0.021866
-0.013733
-0.084653
-0.023296
0.033884
0.009426
-0.048631
-0.053448
-0.038407
0.003454
0.048798
-0.024302
-0.005375
-0.020657
-0.003792
0.064796
0.107263
0.068215
0.085899
0.057792
-0.032560
-0.066320
-0.096763
-0.017821
0.039300
-0.003418
-0.064008
-0.012510
-0.015141
-0.045266
0.023468
-0.013332
0.005091
0.020688
-0.046714
0.008301
0.065425
0.033086
0.061030
0.002384
-0.122001
-0.136822
-0.018555
0.009150
0.069223
0.027212
-0.009792
-0.031578
0.031129
0.001897
0.050119
-0.022301
-0.015687
0.134978
0.053713
0.084599
0.071529
-0.018264
-0.095502
-0.107107
-0.075008
-0.058549
0.053081
-0.040673
-0.072037
0.007896
-0.048888
-0.047386
0.015752
0.042032
0.045531
0.125019
0.081296
0.099443
0.112994
-0.003523
-0.096831
-0.037592
-0.082934
-0.023651
-0.067111
-0.061782
-0.069888
-0.027491
0.078493
-0.014998
0.011465
0.053523
0.002896
-0.000004
-0.031462
0.031161
0.069150
0.089747
-0.029375
-0.089618
-0.023408
0.099253
0.109703
-0.030427
-0.134585
-0.035727
-0.012321
-0.051481
-0.074626
-0.004062
0.090752
0.079234
-0.043240
-0.055223
-0.001367
0.077120
0.172914
0.079559
-0.021656
-0.053076
0.006093
0.041770
-0.083155
-0.116240
-0.107941
-0.040366
-0.003255
-0.074527
0.043832
0.072277
0.040029
0.060965
0.137851
0.106151
-0.016134
0.052671
-0.041145
-0.025143
-0.028672
-0.018000
-0.031676
-0.086742
-0.089361
0.005532
0.012842
0.002478
-0.021884
0.032697
0.088819
0.107717
0.047870
0.050889
0.082136
-0.046917
-0.100435
-0.080879
-0.160447
-0.011121
0.005122
-0.038542
0.016172
0.020247
0.018165
0.079932
-0.019946
-0.026340
0.005831
0.052754
0.114119
0.008156
-0.051928
-0.061421
0.034171
-0.103584
-0.100651
-0.002158
0.030280
-0.054498
-0.017188
0.009409
0.075352
0.054000
-0.080096
0.064465
0.059451
0.040056
0.099578
0.071451
0.053846
0.018517
-0.109637
-0.069040
-0.046111
-0.082070
-0.089820
-0.026187
-0.034511
-0.015225
0.004571
0.023660
0.043239
-0.013452
0.079469
0.114386
0.071086
0.002528
-0.033433
-0.013819
-0.015802
-0.071653
-0.038928
0.015116
-0.047475
-0.016497
-0.060613
-0.022367
0.068954
0.055215
0.072692
0.080139
-0.006666
0.039814
0.015588
-0.011373
-0.008610
-0.009129
-0.091091
-0.024409
-0.074269
-0.015744
-0.060763
-0.027300
0.095756
0.027037
0.008979
0.000267
0.041167
0.068743
0.080192
-0.041207
-0.064268
-0.030899
0.000392
0.056596
-0.026420
-0.005291
0.025229
-0.052880
-0.020400
-0.043808
-0.108717
-0.020317
0.031184
0.055092
0.084240
0.044165
0.047044
0.045780
-0.027295
-0.063235
-0.014010
0.047974
0.060927
0.011497
0.009593
0.082551
-0.020276
-0.115212
-0.090373
-0.002112
0.115182
-0.057490
-0.043235
0.017874
0.059128
0.043817
-0.042997
-0.059034
-0.017196
0.033905
0.062028
0.003808
-0.043233
-0.053014
-0.025332
0.002204
-0.017498
0.023780
-0.010628
-0.015272
-0.005540
0.079912
-0.009167
-0.033749
-0.055362
-0.072409
0.014829
0.082607
0.063403
0.029545
0.002758
-0.002436
0.030379
-0.048858
-0.004959
-0.016732
-0.073972
-0.033654
-0.039212
0.050924
0.080742
0.035628
0.005512
-0.060310
-0.014509
0.012598
-0.014128
0.037360
0.107335
0.039685
-0.018292
-0.081321
-0.013638
-0.008779
-0.071355
-0.044628
0.056998
0.079305
0.007271
0.043839
0.032346
0.082756
-0.009853
-0.092116
-0.007386
0.008592
-0.010374
0.018539
-0.028677
-0.032031
-0.065307
-0.063289
0.030045
-0.058979
-0.024607
-0.093055
0.020810
0.032326
0.022834
0.044249
0.048568
0.078099
-0.008048
-0.068515
-0.047586
0.027395
0.006080
0.098837
-0.068687
-0.090528
0.000597
0.055426
0.076734
-0.066422
-0.129362
-0.093143
0.033567
0.060924
0.028810
0.130899
0.099596
0.030874
-0.031231
-0.074983
-0.023726
0.093354
-0.006577
-0.040265
-0.016221
0.004258
0.060263
-0.023137
-0.091118
-0.067036
-0.068372
0.012562
0.091329
0.044350
0.093217
0.037140
-0.064403
-0.014733
-0.026713
-0.030810
0.009401
0.030437
-0.029702
-0.006261
-0.072764
-0.031781
0.090356
0.007454
-0.017853
-0.008301
0.029244
0.115068
0.010990
-0.082630
0.008469
0.019204
-0.089439
-0.104414
-0.032651
0.037744
-0.015779
-0.005614
-0.041879
-0.050261
0.010709
0.037484
0.051230
0.098893
0.036305
-0.005230
0.018051
0.019521
0.064965
0.059654
-0.050226
-0.051027
-0.035713
0.003843
0.000782
-0.013039
0.008109
-0.070507
-0.082313
-0.007562
-0.053752
0.038147
0.025289
0.089330
0.071757
0.065063
0.018957
0.018167
-0.032963
-0.027321
0.012144
-0.037686
-0.060411
0.015642
0.034136
-0.022740
-0.117902
-0.163042
-0.005762
0.086403
0.053645
0.050802
0.134345
0.175021
0.040757
-0.008687
-0.052862
-0.064346
0.055006
-0.033200
-0.046221
-0.006398
-0.033386
-0.033159
-0.077563
-0.127018
-0.109950
0.000619
0.060317
0.108564
0.046879
0.053961
0.098425
0.023727
-0.056170
-0.007696
-0.033439
-0.026451
-0.004288
0.009118
0.032138
0.025714
-0.014646
-0.046139
-0.006735
0.147058
0.022647
-0.134709
-0.098726
-0.054405
0.107117
0.153530
0.073215
0.012873
-0.050871
-0.014478
-0.040989
-0.013627
-0.054988
0.038360
0.013589
0.068593
0.013164
-0.041373
-0.028006
-0.013014
-0.078894
-0.063363
0.007686
-0.027564
0.010985
0.014931
0.086077
0.025188
-0.025057
-0.008198
-0.072800
-0.043140
0.052269
0.065864
-0.022926
0.011864
0.005246
0.008256
-0.105801
-0.072860
0.006653
0.117766
0.097253
0.051609
-0.043825
0.012469
-0.010110
0.010095
0.075383
-0.017420
-0.076452
0.006475
-0.002573
-0.046645
0.006122
0.034594
0.024761
0.038334
0.023292
0.018406
0.016434
0.094730
-0.010070
-0.095594
-0.081021
-0.013901
0.059194
0.014924
0.074576
0.060670
-0.070294
-0.072134
-0.027466
-0.027634
-0.043108
-0.054079
-0.016600
0.032563
0.142434
0.009952
-0.025284
-0.033113
-0.123716
0.000462
0.075061
0.017411
0.067999
0.039550
-0.072197
-0.048160
-0.080188
-0.057381
-0.032470
0.012004
0.104704
0.101177
0.022079
0.006377
0.055001
0.014045
-0.051632
-0.130422
-0.038721
0.007205
0.025506
0.001767
0.012254
-0.092017
-0.039349
0.002333
-0.100220
-0.003083
0.105696
0.173077
0.051249
-0.029932
0.009772
0.001286
-0.110933
-0.001593
0.079882
0.020687
0.021074
0.042347
0.025001
-0.014296
-0.065078
-0.084616
0.028379
0.073867
0.069309
0.053919
0.031203
-0.026385
-0.022935
-0.055321
-0.072083
-0.090969
-0.115792
0.010156
0.006658
0.049592
0.070929
0.010951
-0.004632
0.021086
0.020764
0.008771
-0.049582
-0.021798
0.057681
0.068222
-0.008744
-0.015089
-0.028480
-0.046012
-0.055894
-0.044260
-0.088448
-0.022879
-0.005548
0.063785
0.121691
0.006148
-0.040649
0.002070
-0.023958
0.004064
0.073748
0.030735
0.030138
0.079899
0.013629
0.027284
-0.031632
-0.087363
-0.076816
-0.045806
0.038229
0.032073
0.004827
-0.000554
0.010128
-0.081717
-0.031022
0.029731
0.062312
0.042472
0.079084
0.018333
0.062312
-0.046614
